Motion Sensor Data File Sep 15, 2020 3:20 PM
Time (s)	Distance (cm)	Dist Error (cm)
0.000	32.480	0.239
0.017	32.672	0.239
0.033	32.602	0.239
0.050	32.349	0.239
0.067	31.961	0.239
0.083	31.442	0.239
0.100	30.776	0.239
0.117	29.996	0.239
0.133	29.094	0.239
0.150	28.060	0.239
0.167	26.900	0.239
0.183	25.781	0.239
0.200	24.650	0.239
0.217	23.502	0.239
0.233	22.338	0.239
0.250	21.162	0.239
0.267	20.141	0.239
0.283	19.197	0.239
0.300	18.368	0.239
0.317	17.645	0.239
0.333	17.065	0.239
0.350	16.628	0.239
0.367	16.350	0.239
0.383	16.170	0.239
0.400	16.186	0.239
0.417	16.489	0.239
0.433	16.860	0.239
0.450	17.346	0.239
0.467	18.020	0.239
0.483	18.914	0.239
0.500	19.910	0.239
0.517	20.927	0.239
0.533	21.976	0.239
0.550	23.079	0.239
0.567	24.344	0.239
0.583	25.480	0.239
0.600	26.688	0.239
0.617	27.754	0.239
0.633	28.767	0.239
0.650	29.702	0.239
0.667	30.522	0.239
0.683	31.306	0.239
0.700	31.833	0.239
0.717	32.323	0.239
0.733	32.559	0.239
0.750	32.674	0.239
0.767	32.645	0.239
0.783	32.404	0.239
0.800	32.048	0.239
0.817	31.542	0.239
0.833	30.889	0.239
0.850	30.092	0.239
0.867	29.181	0.239
0.883	28.054	0.239
0.900	26.980	0.239
0.917	25.877	0.239
0.933	24.738	0.239
0.950	23.581	0.239
0.967	22.434	0.239
0.983	21.249	0.239
1.000	20.179	0.239
1.017	19.220	0.239
1.033	18.382	0.239
1.050	17.647	0.239
1.067	17.055	0.239
1.083	16.589	0.239
1.100	16.291	0.239
1.117	16.160	0.239
1.133	16.119	0.239
1.150	16.356	0.239
1.167	16.686	0.239
1.183	17.180	0.239
1.200	17.829	0.239
1.217	18.630	0.239
1.233	19.569	0.239
1.250	20.578	0.239
1.267	21.708	0.239
1.283	22.827	0.239
1.300	23.987	0.239
1.317	25.134	0.239
1.333	26.286	0.239
1.350	27.417	0.239
1.367	28.564	0.239
1.383	29.544	0.239
1.400	30.385	0.239
1.417	31.120	0.239
1.433	31.721	0.239
1.450	32.161	0.239
1.467	32.468	0.239
1.483	32.610	0.239
1.500	32.586	0.239
1.517	32.373	0.239
1.533	32.026	0.239
1.550	31.507	0.239
1.567	30.845	0.239
1.583	30.065	0.239
1.600	29.159	0.239
1.617	28.064	0.239
1.633	26.961	0.239
1.650	25.842	0.239
1.667	24.698	0.239
1.683	23.551	0.239
1.700	22.391	0.239
1.717	21.190	0.239
1.733	20.148	0.239
1.750	19.205	0.239
1.767	18.368	0.239
1.783	17.641	0.239
1.800	17.069	0.239
1.817	16.627	0.239
1.833	16.337	0.239
1.850	16.178	0.239
1.867	16.178	0.239
1.883	16.468	0.239
1.900	16.827	0.239
1.917	17.296	0.239
1.933	17.946	0.239
1.950	18.730	0.239
1.967	19.612	0.239
1.983	20.632	0.239
2.000	21.825	0.239
2.017	22.960	0.239
2.033	24.091	0.239
2.050	25.246	0.239
2.067	26.365	0.239
2.083	27.488	0.239
2.100	28.521	0.239
2.117	29.571	0.239
2.133	30.408	0.239
2.150	31.155	0.239
2.167	31.734	0.239
2.183	32.171	0.239
2.200	32.453	0.239
2.217	32.588	0.239
2.233	32.539	0.239
2.250	32.322	0.239
2.267	31.954	0.239
2.283	31.444	0.239
2.300	30.786	0.239
2.317	30.002	0.239
2.333	29.062	0.239
2.350	28.013	0.239
2.367	26.902	0.239
2.383	25.783	0.239
2.400	24.643	0.239
2.417	23.503	0.239
2.433	22.372	0.239
2.450	21.261	0.239
2.467	20.232	0.239
2.483	19.219	0.239
2.500	18.341	0.239
2.517	17.634	0.239
2.533	17.050	0.239
2.550	16.601	0.239
2.567	16.323	0.239
2.583	16.164	0.239
2.600	16.180	0.239
2.617	16.441	0.239
2.633	16.796	0.239
2.650	17.307	0.239
2.667	17.972	0.239
2.683	18.768	0.239
2.700	19.642	0.239
2.717	20.745	0.239
2.733	21.839	0.239
2.750	22.961	0.239
2.767	24.089	0.239
2.783	25.256	0.239
2.800	26.392	0.239
2.817	27.490	0.239
2.833	28.593	0.239
2.850	29.601	0.239
2.867	30.450	0.239
2.883	31.165	0.239
2.900	31.753	0.239
2.917	32.181	0.239
2.933	32.443	0.239
2.950	32.557	0.239
2.967	32.499	0.239
2.983	32.291	0.239
3.000	31.924	0.239
3.017	31.404	0.239
3.033	30.739	0.239
3.050	29.959	0.239
3.067	29.040	0.239
3.083	28.011	0.239
3.100	26.879	0.239
3.117	25.797	0.239
3.133	24.669	0.239
3.150	23.550	0.239
3.167	22.419	0.239
3.183	21.202	0.239
3.200	20.156	0.239
3.217	19.221	0.239
3.233	18.416	0.239
3.250	17.685	0.239
3.267	17.134	0.239
3.283	16.664	0.239
3.300	16.419	0.239
3.317	16.231	0.239
3.333	16.296	0.239
3.350	16.516	0.239
3.367	16.872	0.239
3.383	17.386	0.239
3.400	18.023	0.239
3.417	18.799	0.239
3.433	19.689	0.239
3.450	20.677	0.239
3.467	21.735	0.239
3.483	22.849	0.239
3.500	24.070	0.239
3.517	25.250	0.239
3.533	26.361	0.239
3.550	27.443	0.239
3.567	28.439	0.239
3.583	29.382	0.239
3.600	30.289	0.239
3.617	31.061	0.239
3.633	31.640	0.239
3.650	32.069	0.239
3.667	32.342	0.239
3.683	32.465	0.239
3.700	32.399	0.239
3.717	32.178	0.239
3.733	31.807	0.239
3.750	31.300	0.239
3.767	30.635	0.239
3.783	29.850	0.239
3.800	28.939	0.239
3.817	27.988	0.239
3.833	26.840	0.239
3.850	25.721	0.239
3.867	24.590	0.239
3.883	23.462	0.239
3.900	22.351	0.239
3.917	21.269	0.239
3.933	20.207	0.239
3.950	19.231	0.239
3.967	18.398	0.239
3.983	17.695	0.239
4.000	17.123	0.239
4.017	16.690	0.239
4.033	16.425	0.239
4.050	16.290	0.239
4.067	16.351	0.239
4.083	16.502	0.239
4.100	16.926	0.239
4.117	17.437	0.239
4.133	18.070	0.239
4.150	18.837	0.239
4.167	19.735	0.239
4.183	20.748	0.239
4.200	21.875	0.239
4.217	23.002	0.239
4.233	24.133	0.239
4.250	25.264	0.239
4.267	26.379	0.239
4.283	27.469	0.239
4.300	28.588	0.239
4.317	29.560	0.239
4.333	30.405	0.239
4.350	31.119	0.239
4.367	31.748	0.239
4.383	32.177	0.239
4.400	32.548	0.239
4.417	32.724	0.239
4.433	32.699	0.239
4.450	32.523	0.239
4.467	32.168	0.239
4.483	31.653	0.239
4.500	30.959	0.239
4.517	30.142	0.239
4.533	29.264	0.239
4.550	28.308	0.239
4.567	27.291	0.239
4.583	26.225	0.239
4.600	25.106	0.239
4.617	23.795	0.239
4.633	22.709	0.239
4.650	21.712	0.239
4.667	20.613	0.239
4.683	19.592	0.239
4.700	18.669	0.239
4.717	17.934	0.239
4.733	17.338	0.239
4.750	16.904	0.239
4.767	16.594	0.239
4.783	16.480	0.239
4.800	16.496	0.239
4.817	16.675	0.239
4.833	16.998	0.239
4.850	17.516	0.239
4.867	18.108	0.239
4.883	18.855	0.239
4.900	19.721	0.239
4.917	20.685	0.239
4.933	21.791	0.239
4.950	22.922	0.239
4.967	24.005	0.239
4.983	25.103	0.239
5.000	26.205	0.239
5.017	27.349	0.239
5.033	28.398	0.239
5.050	29.325	0.239
5.067	30.162	0.239
5.083	30.856	0.239
5.100	31.448	0.239
5.117	31.897	0.239
5.133	32.199	0.239
5.150	32.403	0.239
5.167	32.366	0.239
5.183	32.153	0.239
5.200	31.835	0.239
5.217	31.345	0.239
5.233	30.716	0.239
5.250	29.968	0.239
5.267	29.135	0.239
5.283	28.175	0.239
5.300	27.117	0.239
5.317	25.978	0.239
5.333	24.859	0.239
5.350	23.752	0.239
5.367	22.674	0.239
5.383	21.624	0.239
5.400	20.574	0.239
5.417	19.557	0.239
5.433	18.712	0.239
5.450	17.997	0.239
5.467	17.421	0.239
5.483	16.968	0.239
5.500	16.674	0.239
5.517	16.526	0.239
5.533	16.563	0.239
5.550	16.734	0.239
5.567	17.028	0.239
5.583	17.522	0.239
5.600	18.126	0.239
5.617	18.870	0.239
5.633	19.764	0.239
5.650	20.801	0.239
5.667	21.817	0.239
5.683	22.904	0.239
5.700	24.157	0.239
5.717	25.337	0.239
5.733	26.464	0.239
5.750	27.514	0.239
5.767	28.604	0.239
5.783	29.657	0.239
5.800	30.499	0.239
5.817	31.241	0.239
5.833	31.854	0.239
5.850	32.507	0.239
5.867	32.862	0.239
5.883	33.038	0.239
5.900	33.066	0.239
5.917	32.940	0.239
5.933	32.662	0.239
5.950	32.216	0.239
5.967	31.632	0.239
5.983	30.844	0.239
6.000	29.958	0.239
6.017	29.026	0.239
6.033	28.038	0.239
6.050	26.984	0.239
6.067	25.792	0.239
6.083	24.660	0.239
6.100	23.529	0.239
6.117	22.459	0.239
6.133	21.401	0.239
6.150	20.343	0.239
6.167	19.408	0.239
6.183	18.616	0.239
6.200	17.913	0.239
6.217	17.267	0.239
6.233	16.908	0.239
6.250	16.700	0.239
6.267	16.643	0.239
6.283	16.769	0.239
6.300	17.030	0.239
6.317	17.459	0.239
6.333	18.022	0.239
6.350	18.724	0.239
6.367	19.615	0.239
6.383	20.517	0.239
6.400	21.485	0.239
6.417	22.505	0.239
6.433	23.571	0.239
6.450	24.657	0.239
6.467	25.760	0.239
6.483	26.972	0.239
6.500	28.001	0.239
6.517	28.969	0.239
6.533	29.884	0.239
6.550	30.762	0.239
6.567	31.402	0.239
6.583	31.913	0.239
6.600	32.276	0.239
6.617	32.492	0.239
6.633	32.554	0.239
6.650	32.439	0.239
6.667	32.182	0.239
6.683	31.781	0.239
6.700	31.234	0.239
6.717	30.560	0.239
6.733	29.735	0.239
6.750	28.751	0.239
6.767	27.730	0.239
6.783	26.721	0.239
6.800	25.492	0.239
6.817	24.360	0.239
6.833	23.298	0.239
6.850	22.248	0.239
6.867	21.231	0.239
6.883	20.272	0.239
6.900	19.328	0.239
6.917	18.523	0.239
6.933	17.886	0.239
6.950	17.376	0.239
6.967	16.996	0.239
6.983	16.791	0.239
7.000	16.697	0.239
7.017	16.783	0.239
7.033	17.007	0.239
7.050	17.420	0.239
7.067	17.930	0.239
7.083	18.620	0.239
7.100	19.592	0.239
7.117	20.502	0.239
7.133	21.629	0.239
7.150	22.728	0.239
7.167	23.810	0.239
7.183	24.941	0.239
7.200	26.178	0.239
7.217	27.289	0.239
7.233	28.318	0.239
7.250	29.514	0.239
7.267	30.400	0.239
7.283	31.163	0.239
7.300	31.866	0.239
7.317	32.613	0.239
7.333	32.985	0.239
7.350	33.262	0.239
7.367	33.335	0.239
7.383	33.290	0.239
7.400	33.017	0.239
7.417	32.510	0.239
7.433	32.085	0.239
7.450	31.375	0.239
7.467	30.586	0.239
7.483	29.598	0.239
7.500	28.577	0.239
7.517	27.556	0.239
7.533	26.347	0.239
7.550	25.244	0.239
7.567	24.129	0.239
7.583	23.022	0.239
7.600	21.789	0.239
7.617	20.743	0.239
7.633	19.718	0.239
7.650	18.881	0.239
7.667	18.182	0.239
7.683	17.602	0.239
7.700	17.185	0.239
7.717	16.904	0.239
7.733	16.761	0.239
7.750	16.777	0.239
7.767	16.948	0.239
7.783	17.263	0.239
7.800	17.728	0.239
7.817	18.328	0.239
7.833	19.132	0.239
7.850	19.986	0.239
7.867	20.921	0.239
7.883	21.917	0.239
7.900	22.958	0.239
7.917	24.048	0.239
7.933	25.224	0.239
7.950	26.392	0.239
7.967	27.421	0.239
7.983	28.454	0.239
8.000	29.442	0.239
8.017	30.287	0.239
8.033	31.002	0.239
8.050	31.578	0.239
8.067	32.023	0.239
8.083	32.325	0.239
8.100	32.459	0.239
8.117	32.455	0.239
8.133	32.304	0.239
8.150	31.981	0.239
8.167	31.524	0.239
8.183	30.936	0.239
8.200	30.192	0.239
8.217	29.318	0.239
8.233	28.268	0.239
8.250	27.288	0.239
8.267	26.177	0.239
8.283	24.997	0.239
8.300	23.922	0.239
8.317	22.840	0.239
8.333	21.803	0.239
8.350	20.827	0.239
8.367	19.891	0.239
8.383	18.989	0.239
8.400	18.290	0.239
8.417	17.698	0.239
8.433	17.224	0.239
8.450	16.938	0.239
8.467	16.770	0.239
8.483	16.754	0.239
8.500	16.897	0.239
8.517	17.199	0.239
8.533	17.628	0.239
8.550	18.236	0.239
8.567	18.967	0.239
8.583	20.036	0.239
8.600	20.951	0.239
8.617	22.021	0.239
8.633	23.136	0.239
8.650	24.246	0.239
8.667	25.353	0.239
8.683	26.545	0.239
8.700	27.656	0.239