Motion Sensor Data File Sep 17, 2020 3:37 PM
Time (s)	Velocity (cm/s)
0.000	NaN
0.017	55.648
0.033	55.162
0.050	38.793
0.067	39.840
0.083	25.002
0.100	20.175
0.117	6.640
0.133	-11.262
0.150	-23.751
0.167	-26.815
0.183	-34.987
0.200	-51.843
0.217	-51.102
0.233	-54.652
0.250	-60.015
0.267	-67.165
0.283	-74.571
0.300	-68.698
0.317	-73.039
0.333	-72.528
0.350	-63.335
0.367	-60.015
0.383	-55.699
0.400	-50.310
0.417	-43.926
0.433	-39.329
0.450	-33.966
0.467	8.657
0.483	11.748
0.500	-16.600
0.517	-9.730
0.533	16.089
0.550	25.283
0.567	34.962
0.583	54.907
0.600	66.629
0.617	56.695
0.633	59.478
0.650	62.058
0.667	63.309
0.683	60.781
0.700	49.774
0.717	66.399
0.733	61.036
0.750	42.879
0.767	43.415
0.783	49.519
0.800	44.181
0.817	37.260
0.833	29.624
0.850	20.175
0.867	10.445
0.883	2.043
0.900	-6.895
0.917	-16.115
0.933	-24.517
0.950	-33.200
0.967	-40.606
0.983	-46.990
1.000	-52.634
1.017	-45.969
1.033	-42.904
1.050	-63.079
1.067	-64.867
1.083	-48.778
1.100	-61.547
1.117	-61.292
1.133	-59.530
1.150	-68.698
1.167	-72.018
1.183	-45.713
1.200	-37.797
1.217	-29.114
1.233	-20.201
1.250	7.661
1.267	11.748
1.283	5.082
1.300	-8.938
1.317	8.172
1.333	24.491
1.350	43.670
1.367	45.969
1.383	52.072
1.400	57.461
1.417	61.011
1.433	64.356
1.450	66.629
1.467	76.104
1.483	67.395
1.500	74.827
1.517	62.032
1.533	54.907
1.550	51.817
1.567	47.756
1.583	43.134
1.600	29.114
1.617	19.920
1.633	10.956
1.650	0.511
1.667	-8.938
1.683	-24.287
1.700	-27.070
1.717	-33.455
1.733	-44.436
1.750	-54.396
1.767	-56.210
1.783	-65.122
1.800	-62.569
1.817	-63.079
1.833	-64.612
1.850	-64.356
1.867	-63.590
1.883	-62.824
1.900	-64.867
1.917	-26.585
1.933	-26.815
1.950	-63.590
1.967	-48.778
1.983	-41.883
2.000	-16.115
2.017	-10.981
2.033	-2.043
2.050	7.151
2.067	16.064
2.083	24.517
2.100	29.088
2.117	53.119
2.133	46.990
2.150	53.860
2.167	83.484
2.183	68.442
2.200	61.802
2.217	59.989
2.233	47.246
2.250	64.841
2.267	60.525
2.283	41.346
2.300	53.630
2.317	38.282
2.333	42.904
2.350	35.728
2.367	28.347
2.383	19.920
2.400	11.211
2.417	2.043
2.433	-6.129
2.450	-15.578
2.467	-24.287
2.483	-22.729
2.500	-39.073
2.517	-29.114
2.533	-51.076
2.550	-56.976
2.567	-60.781
2.583	-63.335
2.600	-63.590
2.617	-46.990
2.633	-62.313
2.650	-62.313
2.667	-62.569
2.683	-71.788
2.700	-49.799
2.717	-41.883
2.733	-35.243
2.750	-27.070
2.767	-19.690
2.783	-28.092
2.800	-13.535
2.817	8.172
2.833	19.128
2.850	26.049
2.867	32.663
2.883	39.329
2.900	45.969
2.917	51.306
2.933	55.673
2.950	59.734
2.967	62.569
2.983	64.075
3.000	64.356
3.017	63.565
3.033	61.036
3.050	57.691
3.067	53.630
3.083	47.731
3.100	41.372
3.117	34.477
3.133	26.790
3.150	18.643
3.167	10.445
3.183	1.788
3.200	-7.151
3.217	-15.323
3.233	-23.776
3.250	-31.923
3.267	-40.861
3.283	-49.033
3.300	-43.670
3.317	-40.376
3.333	-55.929
3.350	-63.079
3.367	-44.692
3.383	-58.993
3.400	-61.292
3.417	-60.781
3.433	-66.910
3.450	-75.593
3.467	-49.825
3.483	-42.138
3.500	-46.224
3.517	-17.111
3.533	-26.049
3.550	-10.241
3.567	-1.022
3.583	7.917
3.600	23.214
3.617	21.197
3.633	39.814
3.650	40.350
3.667	54.141
3.683	76.334
3.700	58.482
3.717	59.223
3.733	58.993
3.750	41.346
3.767	63.845
3.783	44.411
3.800	48.778
3.817	57.946
3.833	54.396
3.850	49.519
3.867	41.627
3.883	33.200
3.900	25.002
3.917	16.855
3.933	8.172
3.950	-0.536
3.967	-8.938
3.983	-17.111
4.000	-25.027
4.017	-32.459
4.033	-39.584
4.050	-45.713
4.067	-51.332
4.083	-55.673
4.100	-59.249
4.117	-61.828
4.133	-62.824
4.150	-63.079
4.167	-62.058
4.183	-59.249
4.200	-55.418
4.217	-51.332
4.233	-45.713
4.250	-39.610
4.267	-33.200
4.283	-26.560
4.300	-20.175
4.317	-11.262
4.333	-1.532
4.350	8.172
4.367	29.599
4.383	37.030
4.400	35.243
4.417	39.814
4.433	47.501
4.450	52.328
4.467	56.695
4.483	59.734
4.500	61.547
4.517	63.054
4.533	63.335
4.550	62.288
4.567	58.993
4.583	54.882
4.600	49.033
4.617	31.923
4.633	39.303
4.650	22.474
4.667	25.768
4.683	18.898
4.700	9.960
4.717	0.230
4.733	-8.938
4.750	-18.132
4.767	-26.304
4.783	-33.481
4.800	-30.646
4.817	-44.947
4.833	-33.455
4.850	-53.630
4.867	-57.972
4.883	-61.062
4.900	-51.587
4.917	-52.609
4.933	-58.482
4.950	-57.461
4.967	-54.396
4.983	-52.098
5.000	-64.101
5.017	-52.890
5.033	-33.455
5.050	-25.283
5.067	-17.366
5.083	-8.453
5.100	0.000
5.117	11.748
5.133	40.069
5.150	31.412
5.167	29.624
5.183	16.574
5.200	28.858
5.217	39.814
5.233	61.036
5.250	57.946
5.267	59.759
5.283	61.036
5.300	61.011
5.317	60.015
5.333	57.691
5.350	56.439
5.367	57.180
5.383	48.012
5.400	40.069
5.417	42.649
5.433	25.002
5.450	16.855
5.467	7.917
5.483	-0.281
5.500	-8.683
5.517	-17.366
5.533	-24.772
5.550	-32.689
5.567	-40.120
5.583	-45.713
5.600	-62.569
5.617	-54.652
5.633	-58.993
5.650	-67.165
5.667	-65.122
5.683	-60.806
5.700	-58.993
5.717	-56.439
5.733	-53.375
5.750	-48.778
5.767	-43.926
5.783	-42.138
5.800	-34.502
5.817	4.852
5.833	2.298
5.850	-1.302
5.867	-14.812
5.883	-8.172
5.900	16.089
5.917	25.002
5.933	33.455
5.950	45.688
5.967	70.485
5.983	53.605
6.000	54.141
6.017	55.648
6.033	55.673
6.050	43.670
6.067	60.245
6.083	59.504
6.100	55.903
6.117	45.713
6.133	38.026
6.150	31.923
6.167	37.771
6.183	30.646
6.200	23.495
6.217	15.808
6.233	7.661
6.250	-0.511
6.267	-8.709
6.283	-17.111
6.300	-24.772
6.317	-31.667
6.333	-38.307
6.350	-33.225
6.367	-49.033
6.383	-37.030
6.400	-54.141
6.417	-58.738
6.433	-60.270
6.450	-43.951
6.467	-53.375
6.483	-54.396
6.500	-53.375
6.517	-51.076
6.533	-48.267
6.550	-36.264
6.567	-28.884
6.583	-22.729
6.600	-15.578
6.617	-9.960
6.633	-12.284
6.650	-1.022
6.667	-12.514
6.683	25.513
6.700	36.775
6.717	38.563
6.733	43.645
6.750	48.778
6.767	53.094
6.783	56.184
6.800	57.691
6.817	59.249
6.833	59.989
6.850	66.144
6.867	60.245
6.883	52.864
6.900	50.029
6.917	42.649
6.933	43.670
6.950	33.940
6.967	24.261
6.983	15.042
7.000	7.151
7.017	-3.065
7.033	-17.111
7.050	-19.179
7.067	-25.538
7.083	-32.689
7.100	-46.479
7.117	-45.203
7.133	-48.803
7.150	-52.098
7.167	-55.418
7.183	-57.716
7.200	-58.227
7.217	-58.993
7.233	-62.824
7.250	-39.865
7.267	-40.350
7.283	-23.751
7.300	-59.504
7.317	-54.652
7.333	-30.646
7.350	-33.225
7.367	-4.852
7.383	-11.492
7.400	-1.277
7.417	15.297
7.433	6.129
7.450	37.260
7.467	32.178
7.483	38.818
7.500	55.648
7.517	70.996
7.533	54.626
7.550	54.396
7.567	53.605
7.583	40.095
7.600	58.712
7.617	57.972
7.633	54.882
7.650	50.055
7.667	31.412
7.683	41.091
7.700	36.520
7.717	19.128
7.733	22.984
7.750	14.812
7.767	7.381
7.783	-0.766
7.800	-8.428
7.817	-16.855
7.833	-24.287
7.850	-31.923
7.867	-38.052
7.883	-43.926
7.900	-48.778
7.917	-52.864
7.933	-56.210
7.950	-57.972
7.967	-58.738
7.983	-58.993
8.000	-57.461
8.017	-55.418
8.033	-51.843
8.050	-47.527
8.067	-42.393
8.083	-36.264
8.100	-29.624
8.117	-22.474
8.133	-14.838
8.150	-6.640
8.167	1.532
8.183	9.934
8.200	18.643
8.217	26.560
8.233	32.919
8.250	38.307
8.267	43.389
8.283	48.267
8.300	52.098
8.317	55.392
8.333	57.461
8.350	58.202
8.367	57.972
8.383	56.669
8.400	54.141
8.417	51.051
8.433	46.224
8.450	41.602
8.467	35.498
8.483	29.369
8.500	21.937
8.517	14.557
8.533	6.640
8.550	-1.558
8.567	-9.960
8.583	-18.898
8.600	-27.070
8.617	-32.970
8.633	-28.092
8.650	-26.815
8.667	-45.203
8.683	-51.587
8.700	-54.141
8.717	-38.588
8.733	-54.907
8.750	-55.673
8.767	-54.907
8.783	-54.396
8.800	-53.375
8.817	-69.719
8.833	-49.570
8.850	-35.498
8.867	-29.369
8.883	-29.880
8.900	-17.877
8.917	-6.410
8.933	3.065
8.950	20.941
8.967	18.107
8.983	25.538
9.000	33.685
9.017	56.439
9.033	57.461
9.050	47.220
9.067	40.350
9.083	43.389
9.100	39.073
9.117	46.199
9.133	59.759
9.150	59.734
9.167	54.396
9.183	49.289
9.200	44.922
9.217	39.840
9.233	33.685
9.250	27.070
9.267	20.175
9.283	12.744
9.300	5.108
9.317	-2.809
9.333	-10.241
9.350	-18.132
9.367	-24.261
9.383	-31.923
9.400	-38.077
9.417	-43.670
9.433	-48.523
9.450	-51.587
9.467	-54.396
9.483	-56.439
9.500	-56.695
9.517	-56.465
9.533	-54.907
9.550	-52.864
9.567	-49.033
9.583	-44.436
9.600	-39.840
9.617	-33.991
9.633	-29.114
9.650	-24.772
9.667	-13.791
9.683	6.104
9.700	16.600
9.717	14.301
9.733	16.064
9.750	25.283
9.767	45.203
9.783	42.623
9.800	47.501
9.817	49.774
9.833	52.098
9.850	53.349
9.867	52.098
9.883	51.562
9.900	48.778
9.917	56.184
9.933	52.839
9.950	46.735
9.967	29.343
9.983	39.073
10.000	23.495
10.017	27.300
10.033	21.197
10.050	12.233
10.067	4.597
10.083	-4.086
10.100	-11.492
10.117	-18.924
10.133	-25.283
10.150	-32.433
10.167	-37.286
10.183	-32.944
10.200	-47.271
10.217	-34.987
10.233	-52.098
10.250	-55.418
10.267	-56.695
10.283	-55.929
10.300	-36.801
10.317	-48.012
10.333	-46.990
10.350	-44.181
10.367	-40.606
10.383	-35.753
10.400	-33.481
10.417	-20.175
10.433	-9.705
10.450	1.277
10.467	4.316
10.483	8.683
10.500	5.618
10.517	14.276
10.533	14.812
10.550	26.560
10.567	46.454
10.583	51.076
10.600	50.795
10.617	52.864
10.633	54.626
10.650	55.162
10.667	54.882
10.683	53.886
10.700	51.051
10.717	50.310
10.733	51.076
10.750	41.091
10.767	31.412
10.783	27.811
10.800	20.175
10.817	12.003
10.833	10.700
10.850	-5.108
10.867	-8.938
10.883	-22.474
10.900	-30.671
10.917	-30.646
10.933	-39.329
10.950	-44.181
10.967	-54.652
10.983	-53.119
11.000	-53.400
11.017	-54.396
11.033	-53.886
11.050	-54.396
11.067	-52.353
11.083	-49.799
11.100	-47.246
11.117	-48.548
11.133	-28.858
11.150	-13.791
11.167	-15.323
11.183	-6.410
11.200	-11.748
11.217	-31.412
11.233	-1.022
11.250	11.211
11.267	18.898
11.283	27.837
11.300	50.285
11.317	50.821
11.333	44.411
11.350	46.479
11.367	47.986
11.383	45.203
11.400	40.836
11.417	55.418
11.433	54.141
11.450	49.774
11.467	34.732
11.483	46.199
11.500	30.901
11.517	37.260
11.533	32.433
11.550	26.049
11.567	19.894
11.583	12.003
11.600	4.341
11.617	-3.346
11.633	-10.981
11.650	-18.387
11.667	-25.283
11.683	-32.204
11.700	-38.052
11.717	-43.670
11.733	-47.246
11.750	-49.799
11.767	-41.372
11.783	-40.631
11.800	-50.055
11.817	-53.630
11.833	-53.119
11.850	-50.055
11.867	-47.246
11.883	-42.393
11.900	-37.567
11.917	-31.923
11.933	-26.560
11.950	-19.154
11.967	-10.496
11.983	-5.618
12.000	-12.514
12.017	-0.511
12.033	18.873
12.050	29.369
12.067	32.919
12.083	37.030
12.100	41.372
12.117	45.688
12.133	49.544
12.150	52.072
12.167	53.375
12.183	53.605
12.200	53.630
12.217	52.072
12.233	49.289
12.250	46.735
12.267	43.134
12.283	36.775
12.300	33.685
12.317	23.751
12.333	17.366
12.350	10.445
12.367	2.043
12.383	-4.341
12.400	-11.262
12.417	-18.132
12.433	-24.517
12.450	-30.390
12.467	-36.264
12.483	-41.142
12.500	-45.458
12.517	-48.523
12.533	-52.864
12.550	-57.716
12.567	-44.436
12.583	-34.477
12.600	-36.034
12.617	-41.372
12.633	-45.203
12.650	-56.950
12.667	-53.630
12.683	-32.433
12.700	-24.798
12.717	-17.111
12.733	-10.726
12.750	-3.346
12.767	4.086
12.783	11.748
12.800	18.617
12.817	25.794
12.833	38.307
12.850	58.202
12.867	47.501
12.883	46.199
12.900	47.246
12.917	42.879
12.933	39.584
12.950	54.141
12.967	46.709
12.983	39.073
13.000	38.282
13.017	46.224
13.033	43.670
13.050	38.537
13.067	31.412
13.083	24.491
13.100	17.366
13.117	9.960
13.133	3.039
13.150	-4.597
13.167	-11.492
13.183	-18.387
13.200	-25.564
13.217	-30.901
13.233	-37.030
13.250	-41.883
13.267	-46.224
13.283	-49.314
13.300	-51.587
13.317	-52.864
13.333	-53.375
13.350	-53.119
13.367	-51.843
13.383	-49.544
13.400	-47.016
13.417	-42.649
13.433	-36.775
13.450	-31.157
13.467	-24.517
13.483	-17.902
13.500	-10.215
13.517	-3.065
13.533	4.341
13.550	11.977
13.567	18.643
13.583	25.257
13.600	31.923
13.617	37.797
13.633	42.623
13.650	46.990
13.667	50.029
13.683	52.353
13.700	53.605
13.717	53.630
13.733	52.609
13.750	50.795
13.767	48.267
13.783	43.900
13.800	39.840
13.817	34.451
13.833	28.858
13.850	22.729
13.867	16.064
13.883	19.409
13.900	3.065
13.917	-2.324
13.933	2.043
13.950	-17.621
13.967	-24.517
13.983	-30.416
14.000	-36.009
14.017	-41.116
14.033	-45.203
14.050	-49.033
14.067	-51.843
14.083	-36.034
14.100	-48.012
14.117	-50.310
14.133	-49.289
14.150	-48.267
14.167	-45.969
14.183	-59.504
14.200	-47.016
14.217	-31.412
14.233	-23.240
14.250	-16.600
14.267	-9.475
14.283	-2.043
14.300	5.363
14.317	14.787
14.333	43.670
14.350	32.433
14.367	30.110
14.383	27.837
14.400	28.603
14.417	45.688
14.433	31.667
14.450	40.325
14.467	55.929
14.483	55.137
14.500	51.587
14.517	49.263
14.533	46.735
14.550	43.160
14.567	38.793
14.583	33.710
14.600	28.066
14.617	21.707
14.633	15.323
14.650	8.147
14.667	1.277
14.683	-5.874
14.700	-12.769
14.717	-19.435
14.733	-25.794
14.750	-31.923
14.767	-36.775
14.783	-41.883
14.800	-45.484
14.817	-48.012
14.833	-50.566
14.850	-51.332
14.867	-51.587
14.883	-50.821
14.900	-48.778
14.917	-45.994
14.933	-42.393
14.950	-39.329
14.967	-36.775
14.983	-31.412
15.000	-12.028
15.017	1.788
15.033	-8.172
15.050	12.999
15.067	14.557
15.083	15.068
15.100	20.405
15.117	26.304
15.133	32.178
15.150	37.771
15.167	42.393
15.183	45.688
15.200	47.756
15.217	48.778
15.233	45.177
15.250	37.030
15.267	51.817
15.283	48.778
15.300	44.411
15.317	29.369
15.333	34.732
15.350	32.663
15.367	16.600
15.383	20.916
15.400	14.557
15.417	8.172
15.433	0.766
15.450	-6.410
15.467	-12.258
15.483	-19.409
15.500	-26.560
15.517	-31.182
15.533	-37.541
15.550	-41.627
15.567	-45.203
15.583	-36.775
15.600	-48.803
15.617	-33.966
15.633	-50.310
15.650	-50.566
15.667	-48.523
15.683	-36.264
15.700	-33.225
15.717	-34.987
15.733	-31.667
15.750	-27.326
15.767	-21.452
15.783	-15.348
15.800	-9.194
15.817	-4.852
15.833	-9.705
15.850	9.168
15.867	19.409
15.883	8.938
15.900	20.660
15.917	40.095
15.933	44.156
15.950	44.692
15.967	46.990
15.983	49.008
16.000	50.055
16.017	50.029
16.033	49.544
16.050	47.475
16.067	45.203
16.083	42.623
16.100	37.541
16.117	37.286
16.133	28.577
16.150	22.984
16.167	14.812
16.183	8.147
16.200	1.022
16.217	-7.917
16.233	-12.539
16.250	-22.729
16.267	-32.689
16.283	-30.646
16.300	-36.775
16.317	-40.376
16.333	-43.670
16.350	-46.735
16.367	-48.523
16.383	-49.544
16.400	-49.289
16.417	-49.289
16.433	-52.123
16.450	-46.735
16.467	-12.258
16.483	-37.030
16.500	-10.241
16.517	-24.517
16.533	-23.495
16.550	-34.732
16.567	-15.068
16.583	-1.047
16.600	7.151
16.617	19.154
16.633	35.728
16.650	33.966
16.667	32.919
16.683	36.009
16.700	38.052
16.717	37.516
16.733	31.667
16.750	49.008
16.767	48.267
16.783	33.455
16.800	37.260
16.817	48.012
16.833	46.199
16.850	43.415
16.867	38.282
16.883	32.178
16.900	26.560
16.917	20.150
16.933	13.535
16.950	7.151
16.967	0.485
16.983	-6.129
17.000	-13.024
17.017	-19.409
17.033	-25.053
17.050	-31.412
17.067	-36.520
17.083	-41.116
17.100	-44.947
17.117	-48.267
17.133	-50.336
17.150	-50.055
17.167	-50.566
17.183	-49.033
17.200	-36.264
17.217	-44.181
17.233	-30.416
17.250	-32.689
17.267	-30.901
17.283	-28.092
17.300	-24.772
17.317	-24.031
17.333	-7.661
17.350	-11.492
17.367	6.385
17.383	14.020
17.400	21.197
17.417	28.833
17.433	32.178
17.450	36.264
17.467	40.069
17.483	43.926
17.500	46.454
17.517	48.267
17.533	49.544
17.550	49.263
17.567	48.523
17.583	46.454
17.600	44.181
17.617	40.580
17.633	36.009
17.650	31.412
17.667	25.768
17.683	20.175
17.700	13.535
17.717	7.125
17.733	0.511
17.750	-6.385
17.767	-12.795
17.783	-18.387
17.800	-26.815
17.817	-32.944
17.833	-39.073
17.850	-31.182
17.867	-28.347
17.883	-42.138
17.900	-48.778
17.917	-48.267
17.933	-30.416
17.950	-44.947
17.967	-44.947
17.983	-43.160
18.000	-40.606
18.017	-37.797
18.033	-43.696
18.050	-36.009
18.067	-25.794
18.083	-14.046
18.100	-6.385
18.117	1.762
18.133	14.812
18.150	27.581
18.167	27.300
18.183	27.070
18.200	30.620
18.217	33.710
18.233	30.901
18.250	32.153
18.267	47.246
18.283	46.199
18.300	33.710
18.317	37.541
18.333	48.752
18.350	47.501
18.367	44.922
18.383	41.627
18.400	36.494
18.417	30.390
18.433	25.538
18.450	18.362
18.467	12.003
18.483	6.129
18.500	-1.302
18.517	-7.917
18.533	-14.046
18.550	-20.941
18.567	-26.074
18.583	-31.923
18.600	-36.264
18.617	-40.861
18.633	-43.670
18.650	-46.224
18.667	-48.037
18.683	-48.523
18.700	-48.523
18.717	-47.756
18.733	-45.458
18.750	-42.904
18.767	-39.865
18.783	-36.264
18.800	-32.944
18.817	-26.049
18.833	-19.664
18.850	-12.539
18.867	-4.597
18.883	11.237
18.900	14.020
18.917	21.452
18.933	24.261
18.950	27.300
18.967	32.433
18.983	36.775
19.000	40.836
19.017	43.926
19.033	46.454
19.050	48.523
19.067	48.752
19.083	48.778
19.100	47.475
19.117	45.458
19.133	42.138
19.150	38.537
19.167	34.221
19.183	28.577
19.200	22.729
19.217	4.597
19.233	10.445
19.250	4.852
19.267	-1.532
19.283	-8.172
19.300	-14.838
19.317	-20.686
19.333	-26.304
19.350	-31.667
19.367	-35.753
19.383	-25.053
19.400	-41.372
19.417	-45.203
19.433	-47.501
19.450	-48.267
19.467	-47.756
19.483	-29.139
19.500	-40.095
19.517	-40.350
19.533	-37.286
19.550	-34.477
19.567	-29.905
19.583	-29.880
19.600	-25.794
19.617	-12.514
19.633	-3.856
19.650	10.215
19.667	13.791
19.683	16.064
19.700	18.643
19.717	22.729
19.733	11.977
19.750	36.775
19.767	31.412
19.783	22.703
19.800	46.735
19.817	51.562
19.833	48.778
19.850	46.965
19.867	45.458
19.883	43.670
19.900	40.836
19.917	37.286
19.933	32.408
19.950	28.092
19.967	22.474
19.983	17.085
20.000	9.960
20.017	5.108
20.033	-2.579
20.050	-7.406
20.067	-15.578
20.083	-21.197
20.100	-25.819
20.117	-31.923
20.133	-35.753
20.150	-39.840
20.167	-42.649
20.183	-44.692
20.200	-45.994
20.217	-46.990
20.233	-45.969
20.250	-44.947
20.267	-42.904
20.283	-42.649
20.300	-41.908
20.317	-33.710
20.333	-0.766
20.350	-21.963
20.367	2.528
20.383	-5.108
20.400	-3.320
20.417	1.022
20.433	2.273
20.450	11.237
20.467	25.027
20.483	33.174
20.500	32.689
20.517	36.749
20.533	38.818
20.550	40.861
20.567	40.069
20.583	29.369
20.600	46.965
20.617	46.479
20.633	29.114
20.650	40.580
20.667	29.880
20.683	37.771
20.700	35.753
20.717	28.347
20.733	23.214
20.750	16.855
20.767	10.726
20.783	4.316
20.800	-2.298
20.817	-8.938
20.833	-14.327
20.850	-20.941
20.867	-26.815
20.883	-31.412
20.900	-37.541
20.917	-41.397
20.933	-42.904
20.950	-33.455
20.967	-30.646
20.983	-43.415
21.000	-46.990
21.017	-44.973
21.033	-32.944
21.050	-31.923
21.067	-34.732
21.083	-31.412
21.100	-27.862
21.117	-23.240
21.133	-18.387
21.150	-14.557
21.167	-11.262
21.183	-8.938
21.200	10.471
21.217	-3.320
21.233	8.913
21.250	27.070
21.267	36.009
21.283	36.494
21.300	39.073
21.317	41.857
21.333	43.926
21.350	45.432
21.367	45.969
21.383	45.713
21.400	44.666
21.417	42.649
21.433	39.814
21.450	36.264
21.467	32.178
21.483	27.300
21.500	22.218
21.517	15.808
21.533	10.215
21.550	3.831
21.567	-2.298
21.583	-8.453
21.600	-14.557
21.617	-20.175
21.633	-25.283
21.650	-30.671
21.667	-34.732
21.683	-38.307
21.700	-41.883
21.717	-45.203
21.733	-48.778
21.750	-48.548
21.767	-34.732
21.783	-26.304
21.800	-42.904
21.817	-21.197
21.833	-32.204
21.850	-30.390
21.867	-26.815
21.883	-22.474
21.900	-17.366
21.917	-11.773
21.933	-2.809
21.950	3.831
21.967	9.934
21.983	15.578
22.000	20.175
22.017	25.257
22.033	28.092
22.050	26.815
22.067	27.811
22.083	42.138
22.100	44.411
22.117	38.052
22.133	36.520
22.150	34.196
22.167	44.436
22.183	42.623
22.200	39.840
22.217	36.520
22.233	32.919
22.250	27.070
22.267	21.682
22.283	16.855
22.300	9.449
22.317	3.550
22.333	-3.575
22.350	-9.194
22.367	-15.834
22.383	-20.967
22.400	-26.049
22.417	-32.178
22.433	-35.498
22.450	-39.840
22.467	-42.164
22.483	-44.436
22.500	-45.458
22.517	-46.990
22.533	-45.969
22.550	-44.436
22.567	-42.393
22.583	-40.120
22.600	-36.009
22.617	-31.157
22.633	-26.815
22.650	-21.197
22.667	-15.348
22.683	-9.194
22.700	-3.320
22.717	3.294
22.733	9.960
22.750	15.578
22.767	21.937
22.783	27.326
22.800	32.178
22.817	38.026
22.833	40.350
22.850	42.368
22.867	44.692
22.883	45.458
22.900	46.199
22.917	46.224
22.933	43.900
22.950	41.627
22.967	38.793
22.983	34.987
23.000	30.646
23.017	25.768
23.033	20.175
23.050	14.557
23.067	7.381
23.083	2.298
23.100	-4.597
23.117	-9.705
23.133	-16.370
23.150	-21.963
23.167	-27.326
23.183	-31.923
23.200	-36.290
23.217	-39.073
23.233	-30.901
23.250	-43.415
23.267	-28.858
23.283	-43.415
23.300	-45.228
23.317	-43.415
23.333	-40.861
23.350	-23.751
23.367	-29.369
23.383	-28.373
23.400	-24.006
23.417	-19.409
23.433	-14.557
23.450	-8.453
23.467	-2.298
23.483	4.341
23.500	10.215
23.517	16.319
23.533	21.452
23.550	25.768
23.567	29.880
23.583	31.157
23.600	22.193
23.617	40.861
23.633	44.436
23.650	34.706
23.667	25.283
23.683	45.177
23.700	44.947
23.717	43.926
23.733	38.537
23.750	33.710
23.767	29.088
23.783	24.517
23.800	18.898
23.817	12.999
23.833	7.661
23.850	1.532
23.867	-4.878
23.883	-10.726
23.900	-16.600
23.917	-21.707
23.933	-26.841
23.950	-31.412
23.967	-35.498
23.983	-38.563
24.000	-41.116
24.017	-43.160
24.033	-43.696
24.050	-44.181
24.067	-43.670
24.083	-41.883
24.100	-39.584
24.117	-36.775
24.133	-34.502
24.150	-31.923
24.167	-27.326
24.183	-19.920
24.200	-2.324
24.217	9.449
24.233	-0.766
24.250	3.575
24.267	11.467
24.283	27.837
24.300	24.261
24.317	27.045
24.333	31.157
24.350	33.429
24.367	28.347
24.383	41.116
24.400	43.389
24.417	44.692
24.433	42.879
24.450	27.070
24.467	41.372
24.483	29.088
24.500	37.286
24.517	33.685
24.533	30.390
24.550	25.794
24.567	19.894
24.583	13.024
24.600	7.661
24.617	1.507
24.633	-4.086
24.650	-10.726
24.667	-16.855
24.683	-21.988
24.700	-27.581
24.717	-33.710
24.733	-35.498
24.750	-39.329
24.767	-29.650
24.783	-27.837
24.800	-39.584
24.817	-43.670
24.833	-42.904
24.850	-22.755
24.867	-36.009
24.883	-35.498
24.900	-32.178
24.917	-29.624
24.933	-25.308
24.950	-19.664
24.967	-13.280
24.983	-6.385
25.000	-0.536
25.017	4.341
25.033	7.661
25.050	5.363
25.067	10.190
25.083	20.175
25.100	8.172
25.117	36.494
25.133	42.649
25.150	41.857
25.167	41.627
25.183	42.879
25.200	42.904
25.217	42.393
25.233	41.091
25.250	38.818
25.267	35.728
25.283	32.178
25.300	28.603
25.317	23.214
25.333	18.643
25.350	12.769
25.367	6.870
25.383	0.766
25.400	-4.341
25.417	-11.237
25.433	-16.115
25.450	-21.452
25.467	-26.049
25.483	-30.646
25.500	-33.991
25.517	-37.541
25.533	-39.840
25.550	-41.372
25.567	-42.393
25.583	-42.904
25.600	-44.717
25.617	-44.947
25.633	-37.030
25.650	-11.492
25.667	-30.646
25.683	-17.902
25.700	-12.003
25.717	-15.834
25.733	-11.748
25.750	-6.921
25.767	-1.532
25.783	5.363
25.800	10.700
25.817	17.111
25.833	21.707
25.850	25.768
25.867	29.624
25.883	32.433
25.900	29.854
25.917	28.858
25.933	42.138
25.950	43.645
25.967	42.649
25.983	34.962
26.000	30.901
26.017	38.282
26.033	24.772
26.050	32.433
26.067	27.811
26.083	23.495
26.100	17.877
26.117	12.233
26.133	6.640
26.150	11.237
26.167	-4.878
26.183	-10.471
26.200	-16.344
26.217	-7.406
26.233	-24.798
26.250	-29.624
26.267	-34.477
26.283	-38.052
26.300	-40.861
26.317	-42.649
26.333	-43.185
26.350	-43.415
26.367	-41.883
26.383	-40.861
26.400	-39.073
26.417	-36.009
26.433	-32.459
26.450	-27.581
26.467	-22.474
26.483	-17.877
26.500	-15.093
26.517	-21.452
26.533	-11.748
26.550	5.108
26.567	11.722
26.583	18.132
26.600	25.027
26.617	28.322
26.633	31.923
26.650	34.732
26.667	38.026
26.683	40.095
26.700	41.857
26.717	42.393
26.733	42.879
26.750	42.138
26.767	40.350
26.783	38.282
26.800	35.243
26.817	31.642
26.833	27.070
26.850	22.474
26.867	17.340
26.883	12.258
26.900	5.874
26.917	0.485
26.933	-5.108
26.950	-11.748
26.967	-16.600
26.983	-22.499
27.000	-27.581
27.017	-32.178
27.033	-36.520
27.050	-39.840
27.067	-41.116
27.083	-31.438
27.100	-40.606
27.117	-25.794
27.133	-41.627
27.150	-40.350
27.167	-28.118
27.183	-24.772
27.200	-28.347
27.217	-25.283
27.233	-21.707
27.250	-16.881
27.267	-12.258
27.283	-6.385
27.300	-0.766
27.317	6.104
27.333	13.535
27.350	17.877
27.367	23.470
27.383	27.837
27.400	31.386
27.417	34.477
27.433	37.030
27.450	38.282
27.467	37.286
27.483	27.837
27.500	39.814
27.517	41.627
27.533	39.559
27.550	34.477
27.567	18.132
27.583	29.599
27.600	16.344
27.617	22.448
27.633	17.877
27.650	13.024
27.667	5.363
27.683	-0.792
27.700	-6.895
27.717	-12.258
27.733	-18.158
27.750	-22.729
27.767	-27.581
27.783	-31.412
27.800	-34.987
27.817	-37.822
27.833	-40.095
27.850	-41.372
27.867	-41.883
27.883	-41.372
27.900	-40.861
27.917	-38.844
27.933	-36.775
27.950	-33.710
27.967	-30.646
27.983	-26.560
28.000	-22.755
28.017	-18.387
28.033	-10.981
28.050	-5.108
28.067	0.741
28.083	6.640
28.100	14.046
28.117	27.556
28.133	22.984
28.150	27.581
28.167	31.386
28.183	27.070
28.200	35.243
28.217	40.069
28.233	41.372
28.250	42.112
28.267	41.372
28.283	41.372
28.300	39.814
28.317	37.541
28.333	34.451
28.350	30.390
28.367	25.794
28.383	20.916
28.400	15.578
28.417	10.471
28.433	4.571
28.450	-1.532
28.467	-7.406
28.483	-12.539
28.500	-18.132
28.517	-23.495
28.533	-28.858
28.550	-32.433
28.567	-35.524
28.583	-38.052
28.600	-27.837
28.617	-24.006
28.633	-39.584
28.650	-41.372
28.667	-39.610
28.683	-20.431
28.700	-31.923
28.717	-31.157
28.733	-28.858
28.750	-25.308
28.767	-21.197
28.783	-16.855
28.800	-13.280
28.817	-5.389
28.833	3.065
28.850	10.215
28.867	13.510
28.883	17.366
28.900	19.664
28.917	14.531
28.933	21.963
28.950	23.751
28.967	18.362
28.983	40.861
29.000	44.947
29.017	42.112
29.033	40.095
29.050	39.303
29.067	37.286
29.083	35.217
29.100	32.178
29.117	28.603
29.133	24.491
29.150	19.920
29.167	14.301
29.183	9.679
29.200	3.575
29.217	-1.532
29.233	-6.895
29.250	-12.795
29.267	-18.132
29.283	-22.218
29.300	-26.815
29.317	-30.927
29.333	-33.710
29.350	-36.520
29.367	-38.563
29.383	-40.095
29.400	-40.350
29.417	-39.865
29.433	-39.073
29.450	-37.541
29.467	-36.520
29.483	-35.498
29.500	-30.927
29.517	-13.535
29.533	-4.597
29.550	-11.492
29.567	-10.496
29.583	-3.320
29.600	12.258
29.617	10.471
29.633	14.787
29.650	17.877
29.667	20.686
29.683	23.214
29.700	21.707
29.717	34.451
29.733	37.030
29.750	39.584
29.767	39.814
29.783	38.052
29.800	25.768
29.817	39.073
29.833	38.052
29.850	24.236
29.867	32.178
29.883	28.603
29.900	23.980
29.917	19.664
29.933	14.557
29.950	9.168
29.967	3.831
29.983	-1.788
30.000	3.294
30.017	-12.003
30.033	-17.621
30.050	-8.428
30.067	-24.031
30.083	-29.624
30.100	-33.710
30.117	-37.030
30.133	-39.329
30.150	-39.354
30.167	-24.006
30.183	-37.797
30.200	-38.307
30.217	-37.030
30.233	-35.243
30.250	-32.459
30.267	-28.858
30.283	-25.027
30.300	-21.452
30.317	-22.499
30.333	-22.218
30.350	-2.809
30.367	-2.298
30.383	-6.410
30.400	2.298
30.417	19.409
30.433	26.279
30.450	28.858
30.467	31.667
30.483	33.685
30.500	36.264
30.517	38.537
30.533	39.840
30.550	40.350
30.567	39.814
30.583	38.818
30.600	37.005
30.617	34.477
30.633	31.412
30.650	27.811
30.667	23.751
30.683	18.898
30.700	13.510
30.717	8.938
30.733	3.065
30.750	-2.069
30.767	-7.661
30.783	-12.769
30.800	-18.132
30.817	-22.499
30.833	-27.070
30.850	-30.390
30.867	-33.966
30.883	-36.264
30.900	-39.073
30.917	-41.397
30.933	-43.670
30.950	-40.861
30.967	-27.581
30.983	-19.154
31.000	-34.502
31.017	-30.901
31.033	-14.812
31.050	-15.323
31.067	-16.089
31.083	-12.028
31.100	-7.917
31.117	-3.065
31.133	2.528
31.150	8.428
31.167	14.046
31.183	18.873
31.200	23.751
31.217	27.326
31.233	31.131
31.250	33.455
31.267	35.753
31.283	36.239
31.300	33.966
31.317	27.045
31.333	39.329
31.350	39.329
31.367	36.494
31.383	33.710
31.400	30.365
31.417	26.560
31.433	21.707
31.450	16.830
31.467	10.981
31.483	-7.917
31.500	1.788
31.517	-14.327
31.533	-7.917
31.550	-13.535
31.567	-18.132
31.583	-21.478
31.600	-26.560
31.617	-29.880
31.633	-34.221
31.650	-36.264
31.667	-38.333
31.683	-39.584
31.700	-39.584
31.717	-39.329
31.733	-38.563
31.750	-36.009
31.767	-33.991
31.783	-30.646
31.800	-27.581
31.817	-22.729
31.833	-18.132
31.850	-13.561
31.867	-7.661
31.883	-2.554
31.900	3.294
31.917	9.705
31.933	13.535
31.950	19.639
31.967	24.772
31.983	28.092
32.000	31.386
32.017	34.987
32.033	37.286
32.050	38.793
32.067	39.840
32.083	39.814
32.100	39.073
32.117	38.052
32.133	35.728
32.150	33.455
32.167	30.110
32.183	26.049
32.200	21.963
32.217	17.085
32.233	12.258
32.250	6.895
32.267	1.251
32.283	-3.575
32.300	-9.960
32.317	-14.557
32.333	-20.456
32.350	-25.283
32.367	-28.858
32.383	-31.157
32.400	-23.240
32.417	-23.521
32.433	-32.433
32.450	-38.307
32.467	-39.584
32.483	-36.520
32.500	-19.435
32.517	-32.178
32.533	-31.412
32.550	-29.114
32.567	-25.794
32.583	-22.755
32.600	-19.920
32.617	-18.643
32.633	-12.258
32.650	-2.835
32.667	3.831
32.683	15.068
32.700	19.920
32.717	22.959
32.733	24.261
32.750	27.045
32.767	28.603
32.783	25.283
32.800	21.682
32.817	36.775
32.833	21.452
32.850	29.088
32.867	41.627
32.883	39.559
32.900	34.732
32.917	31.923
32.933	28.322
32.950	25.027
32.967	20.941
32.983	16.064
33.000	11.492
33.017	6.129
33.033	0.996
33.050	-4.341
33.067	-9.194
33.083	-14.557
33.100	-18.924
33.117	-23.495
33.133	-27.326
33.150	-30.390
33.167	-33.710
33.183	-35.524
33.200	-37.286
33.217	-38.052
33.233	-38.307
33.250	-37.541
33.267	-36.264
33.283	-33.991
33.300	-31.667
33.317	-28.858
33.333	-26.560
33.350	-24.261
33.367	-17.647
33.383	-11.748
33.400	5.108
33.417	14.531
33.433	7.151
33.450	8.683
33.467	14.276
33.483	19.409
33.500	23.495
33.517	28.322
33.533	30.901
33.550	33.966
33.567	35.983
33.583	38.307
33.600	38.537
33.617	38.052
33.633	37.797
33.650	34.706
33.667	28.603
33.683	21.963
33.700	28.577
33.717	24.772
33.733	20.660
33.750	16.089
33.767	11.492
33.783	6.129
33.800	0.996
33.817	-4.341
33.833	-8.428
33.850	-1.047
33.867	-17.111
33.883	-21.963
33.900	-26.304
33.917	-30.390
33.933	-33.225
33.950	-36.264
33.967	-37.286
33.983	-25.027
34.000	-31.667
34.017	-35.779
34.033	-35.498
34.050	-33.710
34.067	-31.923
34.083	-29.369
34.100	-25.283
34.117	-20.967
34.133	-15.834
34.150	-11.748
34.167	-7.917
34.183	-8.709
34.200	-11.492
34.217	10.471
34.233	-3.346
34.250	8.172
34.267	24.517
34.283	32.408
34.300	31.667
34.317	33.455
34.333	34.962
34.350	36.775
34.367	37.771
34.383	37.541
34.400	37.286
34.417	35.983
34.433	33.455
34.450	31.412
34.467	27.811
34.483	24.006
34.500	20.150
34.517	15.323
34.533	11.237
34.550	5.363
34.567	0.485
34.583	-4.341
34.600	-9.960
34.617	-14.327
34.633	-19.409
34.650	-23.240
34.667	-27.326
34.683	-30.135
34.700	-32.970
34.717	-34.987
34.733	-36.264
34.750	-37.286
34.767	-38.307
34.783	-40.350
34.800	-38.333
34.817	-23.751
34.833	-15.323
34.850	-24.772
34.867	-24.261
34.883	-1.047
34.900	-10.981
34.917	-9.194
34.933	-4.878
34.950	-0.255
34.967	5.108
34.983	10.471
35.000	15.042
35.017	20.175
35.033	24.006
35.050	27.300
35.067	30.390
35.083	32.153
35.100	33.966
35.117	31.157
35.133	24.747
35.150	37.541
35.167	38.052
35.183	35.473
35.200	33.200
35.217	30.110
35.233	27.070
35.250	22.984
35.267	19.128
35.283	14.812
35.300	9.705
35.317	4.827
35.333	0.000
35.350	-5.618
35.367	-10.726
35.383	-15.604
35.400	-20.941
35.417	-25.794
35.433	-34.221
35.450	-40.095
35.467	-33.991
35.483	-39.073
35.500	-43.926
35.517	-37.286
35.533	-37.541
35.550	-36.520
35.567	-35.013
35.583	-33.200
35.600	-30.135
35.617	-27.070
35.633	-23.495
35.650	-18.413
35.667	-14.046
35.683	-9.449
35.700	-3.065
35.717	1.251
35.733	5.874
35.750	10.981
35.767	15.297
35.783	19.920
35.800	24.261
35.817	27.811
35.833	30.646
35.850	33.455
35.867	35.217
35.883	36.520
35.900	37.260
35.917	37.030
35.933	36.520
35.950	35.473
35.967	32.689
35.983	30.110
36.000	27.070
36.017	23.240
36.033	18.873
36.050	14.301
36.067	9.705
36.083	4.316
36.100	-0.511
36.117	-5.618
36.133	-11.492
36.150	-16.370
36.167	-21.707
36.183	-26.049
36.200	-28.603
36.217	-25.538
36.233	-27.607
36.250	-17.877
36.267	-35.243
36.283	-37.286
36.300	-36.264
36.317	-20.456
36.333	-29.114
36.350	-30.390
36.367	-28.603
36.383	-25.794
36.400	-22.499
36.417	-18.898
36.433	-14.557
36.450	-9.705
36.467	-4.622
36.483	0.255
36.500	6.895
36.517	11.722
36.533	16.089
36.550	20.175
36.567	23.980
36.583	27.581
36.600	29.880
36.617	31.642
36.633	31.157
36.650	16.855
36.667	36.749
36.683	31.923
36.700	10.726
36.717	34.962
36.733	35.753
36.750	31.131
36.767	26.815
36.783	21.963
36.800	17.340
36.817	12.769
36.833	8.428
36.850	3.294
36.867	-1.022
36.883	-6.640
36.900	-10.981
36.917	-15.859
36.933	-20.175
36.950	-24.006
36.967	-27.837
36.983	-30.390
37.000	-32.970
37.017	-34.987
37.033	-35.753
37.050	-36.264
37.067	-36.009
37.083	-35.268
37.100	-33.455
37.117	-31.157
37.133	-28.603
37.150	-25.538
37.167	-21.988
37.183	-17.877
37.200	-14.046
37.217	-11.237
37.233	-5.618
37.250	0.741
37.267	6.385
37.283	20.431
37.300	18.107
37.317	20.431
37.333	25.027
37.350	39.814
37.367	34.221
37.383	34.451
37.400	35.498
37.417	36.009
37.433	36.239
37.450	35.498
37.467	34.196
37.483	30.901
37.500	28.603
37.517	18.873
37.533	25.794
37.550	21.452
37.567	17.851
37.583	12.769
37.600	8.428
37.617	3.039
37.633	-1.277
37.650	-6.385
37.667	-11.237
37.683	-14.582
37.700	-7.151
37.717	-21.452
37.733	-26.304
37.750	-29.394
37.767	-32.178
37.783	-34.732
37.800	-36.264
37.817	-26.049
37.833	-27.326
37.850	-32.459
37.867	-31.923
37.883	-30.646
37.900	-28.347
37.917	-26.049
37.933	-22.755
37.950	-18.132
37.967	-12.769
37.983	-7.917
38.000	-3.090
38.017	0.000
38.033	2.554
38.050	-8.938
38.067	17.085
38.083	1.788
38.100	13.024
38.117	30.620
38.133	33.710
38.150	33.174
38.167	33.710
38.183	34.987
38.200	35.728
38.217	35.243
38.233	34.221
38.250	32.919
38.267	30.390
38.283	28.066
38.300	24.261
38.317	21.197
38.333	17.085
38.350	12.769
38.367	7.661
38.383	2.528
38.400	-1.788
38.417	-6.640
38.433	-12.003
38.450	-15.859
38.467	-20.175
38.483	-24.006
38.500	-26.815
38.517	-29.880
38.533	-32.204
38.550	-33.966
38.567	-34.477
38.583	-34.987
38.600	-34.987
38.617	-34.732
38.633	-34.757
38.650	-34.221
38.667	-17.366
38.683	-6.640
38.700	-20.711
38.717	-4.086
38.733	-3.320
38.750	-5.108
38.767	-1.558
38.783	2.554
38.800	6.895
38.817	12.233
38.833	16.855
38.850	20.941
38.867	23.980
38.883	27.070
38.900	29.369
38.917	30.876
38.933	30.646
38.950	27.837
38.967	26.790
38.983	36.009
39.000	34.451
39.017	32.689
39.033	29.369
39.050	26.023
39.067	22.218
39.083	16.600
39.100	7.125
39.117	11.492
39.133	7.661
39.150	14.276
39.167	0.255
39.183	-6.129
39.200	-10.981
39.217	-16.625
39.233	-20.686
39.250	-24.772
39.267	-28.092
39.283	-30.646
39.300	-33.225
39.317	-33.966
39.333	-35.498
39.350	-35.498
39.367	-36.520
39.383	-37.541
39.400	-46.760
39.417	-30.646
39.433	-38.052
39.450	-24.261
39.467	-20.175
39.483	-16.370
39.500	-10.981
39.517	-4.597
39.533	-0.511
39.550	3.550
39.567	7.917
39.583	12.258
39.600	16.064
39.617	20.686
39.633	24.006
39.650	27.300
39.667	30.135
39.683	32.433
39.700	33.940
39.717	34.987
39.733	35.217
39.750	35.243
39.767	33.966
39.783	32.153
39.800	30.135
39.817	27.070
39.833	23.725
39.850	19.920
39.867	16.089
39.883	11.722
39.900	6.895
39.917	2.554
39.933	-2.579
39.950	-7.151
39.967	-12.769
39.983	-17.111
40.000	-23.010
40.017	-27.070
40.033	-28.347
40.050	-19.409
40.067	-15.834
40.083	-31.438
40.100	-35.243
40.117	-25.538
40.133	-24.006
40.150	-30.901
40.167	-30.671
40.183	-28.858
40.200	-26.304
40.217	-22.984
40.233	-19.920
40.250	-16.115
40.267	-11.237
40.283	-7.661
40.300	-2.043
40.317	4.316
40.333	8.428
40.350	13.280
40.367	17.085
40.383	21.197
40.400	24.517
40.417	28.066
40.433	29.369
40.450	31.157
40.467	31.642
40.483	30.646
40.500	19.639
40.517	31.667
40.533	33.710
40.550	28.577
40.567	13.024
40.583	15.834
40.600	25.002
40.617	21.963
40.633	16.089
40.650	10.956
40.667	5.618
40.683	0.766
40.700	-3.856
40.717	-8.683
40.733	-13.024
40.750	-17.111
40.767	-21.197
40.783	-24.798
40.800	-27.837
40.817	-30.135
40.833	-32.178
40.850	-33.710
40.867	-34.247
40.883	-34.477
40.900	-33.966
40.917	-32.944
40.933	-30.901
40.950	-28.628
40.967	-25.794
40.983	-22.474
41.000	-18.387
41.017	-14.301
41.033	-10.752
41.050	-5.874
41.067	-2.554
41.083	1.788
41.100	7.125
41.117	11.748
41.133	16.855
41.150	20.916
41.167	24.772
41.183	38.793
41.200	30.646
41.217	33.455
41.233	46.199
41.250	37.286
41.267	35.498
41.283	34.451
41.300	32.689
41.317	31.386
41.333	29.114
41.350	26.049
41.367	22.448
41.383	18.643
41.400	13.535
41.417	9.679
41.433	3.831
41.450	-0.766
41.467	-3.831
41.483	-8.964
41.500	-10.726
41.517	-16.089
41.533	-19.920
41.550	-23.265
41.567	-26.560
41.583	-29.624
41.600	-31.923
41.617	-34.221
41.633	-32.970
41.650	-19.409
41.667	-28.858
41.683	-30.646
41.700	-29.369
41.717	-28.118
41.733	-25.538
41.750	-22.984
41.767	-19.154
41.783	-15.323
41.800	-10.752
41.817	-5.108
41.833	-0.255
41.850	4.571
41.867	6.895
41.883	6.895
41.900	-0.766
41.917	20.405
41.933	-3.065
41.950	27.837
41.967	33.685
41.983	34.221
42.000	32.944
42.017	33.174
42.033	33.455
42.050	32.919
42.067	31.667
42.083	29.880
42.100	27.811
42.117	24.517
42.133	21.452
42.150	17.851
42.167	14.046
42.183	8.938
42.200	6.104
42.217	0.255
42.233	-4.341
42.250	-8.172
42.267	-13.816
42.283	-17.366
42.300	-20.941
42.317	-24.261
42.333	-27.096
42.350	-29.369
42.367	-31.157
42.383	-32.944
42.400	-33.200
42.417	-32.944
42.433	-32.459
42.450	-31.157
42.467	-31.157
42.483	-31.923
42.500	-26.304
42.517	-10.241
42.533	0.255
42.550	-14.557
42.567	8.428
42.583	0.996
42.600	1.532
42.617	5.108
42.633	9.168
42.650	13.791
42.667	17.877
42.683	21.427
42.700	24.261
42.717	26.815
42.733	28.577
42.750	28.858
42.767	26.304
42.783	22.193
42.800	33.966
42.817	33.429
42.833	31.667
42.850	28.858
42.867	26.279
42.883	22.984
42.900	16.855
42.917	7.636
42.933	13.024
42.950	8.938
42.967	4.571
42.983	0.000
43.000	-3.831
43.017	2.554
43.033	-9.730
43.050	-16.089
43.067	-21.197
43.083	-25.027
43.100	-28.092
43.117	-30.416
43.133	-32.178
43.150	-32.944
43.167	-33.455
43.183	-34.221
43.200	-33.225
43.217	-32.178
43.233	-29.114
43.250	-28.858
43.267	-31.157
43.283	-31.667
43.300	-28.628
43.317	-13.280
43.333	-7.917
43.350	-3.320
43.367	3.294
43.383	6.129
43.400	9.449
43.417	13.510
43.433	17.366
43.450	20.941
43.467	24.236
43.483	27.326
43.500	29.624
43.517	31.386
43.533	32.689
43.550	33.174
43.567	33.200
43.583	32.944
43.600	31.131
43.617	29.624
43.633	26.815
43.650	24.236
43.667	20.686
43.683	17.111
43.700	12.999
43.717	8.428
43.733	4.852
43.750	-0.281
43.767	-4.597
43.783	-8.683
43.800	-13.535
43.817	-17.902
43.833	-22.729
43.850	-27.581
43.867	-29.369
43.883	-19.409
43.900	-14.072
43.917	-31.157
43.933	-33.200
43.950	-19.664
43.967	-25.027
43.983	-28.884
44.000	-27.070
44.017	-25.794
44.033	-23.240
44.050	-20.431
44.067	-16.881
44.083	-12.514
44.100	-8.683
44.117	-3.575
44.133	0.741
44.150	5.363
44.167	10.215
44.183	14.276
44.200	18.132
44.217	21.707
44.233	24.491
44.250	26.815
44.267	28.603
44.283	30.365
44.300	30.135
44.317	28.092
44.333	19.894
44.350	29.880
44.367	31.642
44.383	28.347
44.400	23.495
44.417	7.125
44.433	8.938
44.450	16.855
44.467	14.046
44.483	10.190
44.500	4.597
44.517	-1.022
44.533	-5.899
44.550	-10.471
44.567	-14.557
44.583	-18.643
44.600	-21.988
44.617	-25.027
44.633	-28.092
44.650	-29.880
44.667	-31.412
44.683	-32.433
44.700	-32.714
44.717	-32.433
44.733	-31.923
44.750	-30.646
44.767	-28.347
44.783	-26.074
44.800	-22.984
44.817	-19.409
44.833	-15.323
44.850	-11.773
44.867	-7.406
44.883	-2.809
44.900	1.022
44.917	5.593
44.933	9.449
44.950	13.024
44.967	16.319
44.983	20.941
45.000	24.517
45.017	27.300
45.033	29.880
45.050	31.412
45.067	32.153
45.083	44.181
45.100	32.919
45.117	44.692
45.133	33.710
45.150	29.088
45.167	27.070
45.183	23.240
45.200	19.639
45.217	15.323
45.233	11.492
45.250	6.870
45.267	2.554
45.283	-2.298
45.300	-6.895
45.317	-9.985
45.333	-13.791
45.350	-17.366
45.367	-20.941
45.383	-23.521
45.400	-27.070
45.417	-29.369
45.433	-31.157
45.450	-32.689
45.467	-22.244
45.483	-24.772
45.500	-27.837
45.517	-28.603
45.533	-26.815
45.550	-25.308
45.567	-22.474
45.583	-19.409
45.600	-16.089
45.617	-11.492
45.633	-8.198
45.650	-3.065
45.667	2.298
45.683	6.104
45.700	9.194
45.717	10.726
45.733	-2.043
45.750	22.448
45.767	6.385
45.783	16.344
45.800	32.153
45.817	35.243
45.833	32.153
45.850	31.923
45.867	31.157
45.883	30.365
45.900	29.114
45.917	27.326
45.933	24.747
45.950	21.963
45.967	18.643
45.983	14.787
46.000	10.471
46.017	7.151
46.033	2.273
46.050	-2.043
46.067	-6.895
46.083	-10.215
46.100	-14.838
46.117	-18.643
46.133	-21.707
46.150	-24.261
46.167	-27.070
46.183	-29.139
46.200	-30.135
46.217	-31.667
46.233	-31.667
46.250	-31.157
46.267	-30.161
46.283	-28.603
46.300	-27.581
46.317	-28.092
46.333	-24.772
46.350	-7.942
46.367	0.766
46.383	-8.172
46.400	3.575
46.417	9.934
46.433	4.852
46.450	7.406
46.467	10.700
46.483	14.812
46.500	18.898
46.517	21.937
46.533	25.027
46.550	26.815
46.567	28.066
46.583	26.560
46.600	25.794
46.617	20.916
46.633	31.667
46.650	31.412
46.667	29.343
46.683	26.815
46.700	23.470
46.717	20.686
46.733	16.089
46.750	8.428
46.767	3.294
46.783	5.874
46.800	1.788
46.817	-2.324
46.833	2.043
46.850	-6.640
46.867	-11.748
46.883	-17.136
46.900	-20.686
46.917	-25.027
46.933	-28.347
46.950	-29.880
46.967	-31.438
46.983	-31.412
47.000	-22.984
47.017	-29.624
47.033	-31.667
47.050	-39.610
47.067	-27.837
47.083	-24.517
47.100	-22.474
47.117	-35.243
47.133	-15.348
47.150	-20.941
47.167	-6.129
47.183	-0.511
47.200	5.337
47.217	8.683
47.233	11.492
47.250	14.531
47.267	17.877
47.283	21.707
47.300	24.491
47.317	27.070
47.333	29.114
47.350	30.365
47.367	31.157
47.383	31.667
47.400	31.386
47.417	29.880
47.433	29.114
47.450	26.534
47.467	24.261
47.483	21.171
47.500	18.132
47.517	14.301
47.533	10.215
47.550	6.104
47.567	1.532
47.583	-2.298
47.600	-5.899
47.617	-10.726
47.633	-14.301
47.650	-18.643
47.667	-22.984
47.683	-27.862
47.700	-29.369
47.717	-18.643
47.733	-13.024
47.750	-30.161
47.767	-31.667
47.783	-12.514
47.800	-26.815
47.817	-26.560
47.833	-25.564
47.850	-22.984
47.867	-20.686
47.883	-17.621
47.900	-13.535
47.917	-10.241
47.933	-5.363
47.950	-1.277
47.967	3.320
47.983	7.381
48.000	12.003
48.017	15.323
48.033	18.873
48.050	21.452
48.067	24.261
48.083	26.023
48.100	28.347
48.117	28.577
48.133	26.815
48.150	27.326
48.167	19.639
48.183	29.624
48.200	28.347
48.217	26.023
48.233	22.984
48.250	17.366
48.267	1.507
48.283	3.320
48.300	9.194
48.317	5.363
48.333	3.550
48.350	-1.277
48.367	-6.895
48.383	-11.773
48.400	-15.834
48.417	-19.409
48.433	-22.474
48.450	-25.283
48.467	-27.351
48.483	-29.114
48.500	-30.901
48.517	-31.157
48.533	-31.412
48.550	-30.671
48.567	-29.624
48.583	-28.092
48.600	-25.794
48.617	-22.984
48.633	-20.201
48.650	-16.855
48.667	-13.024
48.683	-9.194
48.700	-4.852
48.717	-0.536
48.733	3.831
48.750	7.661
48.767	11.211
48.783	15.068
48.800	18.387
48.817	20.916
48.833	24.261
48.850	26.560
48.867	28.577
48.883	29.624
48.900	30.901
48.917	31.386
48.933	41.372
48.950	30.110
48.967	41.883
48.983	27.837
49.000	24.236
49.017	20.686
49.033	17.366
49.050	13.254
49.067	9.194
49.083	4.852
49.100	0.485
49.117	-3.831
49.133	-8.428
49.150	-12.003
49.167	-15.093
49.183	-18.643
49.200	-21.707
49.217	-24.261
49.233	-27.070
49.250	-29.139
49.267	-30.646
49.283	-29.369
49.300	-17.877
49.317	-24.772
49.333	-27.607
49.350	-26.560
49.367	-24.517
49.383	-22.218
49.400	-19.409
49.417	-15.859
49.433	-12.769
49.450	-9.449
49.467	-4.852
49.483	-0.536
49.500	3.575
49.517	7.661
49.533	10.981
49.550	12.744
49.567	4.086
49.583	16.600
49.600	17.851
49.617	4.852
49.633	29.880
49.650	34.451
49.667	31.667
49.683	30.620
49.700	29.114
49.717	28.347
49.733	26.534
49.750	24.517
49.767	21.963
49.783	18.873
49.800	15.578
49.817	12.258
49.833	8.147
49.850	3.831
49.867	0.000
49.883	-3.831
49.900	-8.198
49.917	-12.258
49.933	-16.089
49.950	-19.154
49.967	-22.244
49.983	-24.517
50.000	-26.815
50.017	-28.347
50.033	-29.114
50.050	-30.135
50.067	-29.905
50.083	-29.114
50.100	-28.347
50.117	-26.304
50.133	-24.772
50.150	-25.308
50.167	-21.963
50.183	-5.618
50.200	4.597
50.217	-6.665
50.233	-3.320
50.250	19.664
50.267	7.381
50.283	9.705
50.300	13.280
50.317	16.344
50.333	19.639
50.350	22.218
50.367	24.747
50.383	26.304
50.400	27.326
50.417	25.002
50.433	23.495
50.450	21.452
50.467	30.110
50.483	28.858
50.500	26.815
50.517	23.980
50.533	20.941
50.550	17.621
50.567	13.510
50.583	8.683
50.600	5.108
50.617	4.061
50.633	0.255
50.650	-3.320
50.667	-3.831
50.683	-10.752
50.700	-14.301
50.717	-18.643
50.733	-22.218
50.750	-25.027
50.767	-27.862
50.783	-28.858
50.800	-30.135
50.817	-20.175
50.833	-26.049
50.850	-29.139
50.867	-29.369
50.883	-31.923
50.900	-34.221
50.917	-22.218
50.933	-18.668
50.950	-20.175
50.967	-25.538
50.983	-18.898
51.000	-3.575
51.017	1.507
51.033	7.406
51.050	10.215
51.067	12.999
51.083	15.834
51.100	18.643
51.117	22.193
51.133	24.772
51.150	26.560
51.167	28.066
51.183	29.369
51.200	29.624
51.217	29.854
51.233	30.135
51.250	28.322
51.267	26.049
51.283	24.006
51.300	21.682
51.317	18.387
51.333	15.068
51.350	11.467
51.367	7.917
51.383	3.320
51.400	-0.255
51.417	-4.367
51.433	-8.172
51.450	-12.003
51.467	-15.578
51.483	-19.179
51.500	-23.240
51.517	-26.815
51.533	-29.624
51.550	-28.858
51.567	-4.367
51.583	-26.049
51.600	-29.880
51.617	-9.449
51.633	-24.772
51.650	-24.798
51.667	-23.240
51.683	-20.686
51.700	-18.132
51.717	-14.582
51.733	-10.726
51.750	-7.406
51.767	-3.065
51.783	0.996
51.800	5.363
51.817	9.194
51.833	12.769
51.850	16.574
51.867	18.898
51.883	22.218
51.900	23.725
51.917	25.794
51.933	26.534
51.950	24.772
51.967	24.517
51.983	19.894
52.000	28.858
52.017	27.837
52.033	26.023
52.050	23.240
52.067	19.920
52.083	15.042
52.100	-1.022
52.117	10.215
52.133	-3.831
52.150	4.061
52.167	0.766
52.183	-4.341
52.200	-7.687
52.217	-12.769
52.233	-16.344
52.250	-19.920
52.267	-22.729
52.283	-25.308
52.300	-27.326
52.317	-28.603
52.333	-29.624
52.350	-29.624
52.367	-29.905
52.383	-28.858
52.400	-27.326
52.417	-25.794
52.433	-23.495
52.450	-20.711
52.467	-17.621
52.483	-13.791
52.500	-10.726
52.517	-6.385
52.533	-2.324
52.550	1.532
52.567	5.363
52.583	9.424
52.600	13.024
52.617	16.600
52.633	19.639
52.650	22.218
52.667	24.772
52.683	26.023
52.700	27.070
52.717	28.092
52.733	28.833
52.750	29.114
52.767	28.347
52.783	27.045
52.800	36.520
52.817	23.495
52.833	34.196
52.850	20.431
52.867	15.297
52.883	11.237
52.900	6.895
52.917	2.809
52.933	-1.558
52.950	-5.618
52.967	-9.194
52.983	-13.280
53.000	-16.625
53.017	-19.409
53.033	-22.474
53.050	-24.006
53.067	-27.070
53.083	-28.628
53.100	-29.114
53.117	-17.621
53.133	-23.240
53.150	-25.538
53.167	-25.564
53.183	-24.006
53.200	-22.218
53.217	-19.920
53.233	-17.366
53.250	-13.561
53.267	-10.215
53.283	-6.640
53.300	-2.298
53.317	1.762
53.333	5.874
53.350	8.683
53.367	11.977
53.383	11.492
53.400	2.043
53.417	23.470
53.433	7.406
53.450	14.557
53.467	29.088
53.483	32.689
53.500	30.901
53.517	29.343
53.533	27.326
53.550	26.049
53.567	23.980
53.583	21.963
53.600	19.409
53.617	16.319
53.633	13.024
53.650	9.194
53.667	5.848
53.683	1.788
53.700	-2.298
53.717	-6.640
53.733	-9.730
53.750	-13.791
53.767	-16.855
53.783	-19.920
53.800	-22.499
53.817	-24.772
53.833	-26.304
53.850	-27.837
53.867	-28.347
53.883	-28.603
53.900	-28.118
53.917	-27.326
53.933	-26.049
53.950	-24.261
53.967	-22.984
53.983	-22.755
54.000	-18.643
54.017	-2.809
54.033	5.874
54.050	-2.324
54.067	-2.298
54.083	16.600
54.100	14.020
54.117	12.258
54.133	15.323
54.150	17.596
54.167	20.431
54.183	22.474
54.200	24.747
54.217	26.049
54.233	26.815
54.250	24.236
54.267	22.474
54.283	19.409
54.300	28.577
54.317	26.815
54.333	23.751
54.350	21.427
54.367	18.132
54.383	15.323
54.400	10.956
54.417	9.194
54.433	4.086
54.450	1.532
54.467	-1.302
54.483	-5.108
54.500	-9.449
54.517	-12.769
54.533	-16.625
54.550	-19.920
54.567	-22.984
54.583	-25.027
54.600	-27.607
54.617	-27.837
54.633	-28.858
54.650	-19.664
54.667	-26.815
54.683	-28.347
54.700	-35.779
54.717	-25.794
54.733	-22.218
54.750	-18.898
54.767	-15.859
54.783	-14.812
54.800	-25.027
54.817	-16.855
54.833	-1.277
54.850	3.805
54.867	9.449
54.883	12.769
54.900	15.042
54.917	16.600
54.933	19.920
54.950	22.448
54.967	24.261
54.983	26.304
55.000	27.300
55.017	28.347
55.033	28.347
55.050	27.811
55.067	27.326
55.083	25.794
55.100	23.725
55.117	21.707
55.133	18.643
55.150	15.553
55.167	12.514
55.183	8.683
55.200	5.082
55.217	1.022
55.233	-2.554
55.250	-6.640
55.267	-9.730
55.283	-13.535
55.300	-16.855
55.317	-19.664
55.333	-23.010
55.350	-26.560
55.367	-29.880
55.383	-29.114
55.400	-16.089
55.417	-10.752
55.433	-28.603
55.450	-10.981
55.467	-19.664
55.483	-21.452
55.500	-20.201
55.517	-18.132
55.533	-15.323
55.550	-11.748
55.567	-8.198
55.583	-4.341
55.600	-0.511
55.617	3.320
55.633	6.614
55.650	11.237
55.667	13.791
55.683	17.340
55.700	19.664
55.717	21.963
55.733	23.725
55.750	24.772
55.767	23.751
55.783	21.427
55.800	18.898
55.817	28.092
55.833	26.790
55.850	25.538
55.867	22.984
55.883	20.405
55.900	15.578
55.917	-0.255
55.933	11.467
55.950	-3.065
55.967	4.597
55.983	0.766
56.000	-1.813
56.017	-5.618
56.033	-9.705
56.050	-13.791
56.067	-17.392
56.083	-20.175
56.100	-22.984
56.117	-25.027
56.133	-26.815
56.150	-27.862
56.167	-28.347
56.183	-28.347
56.200	-27.837
56.217	-26.560
56.233	-25.564
56.250	-23.240
56.267	-20.686
56.283	-18.387
56.300	-14.812
56.317	-11.773
56.333	-8.172
56.350	-3.831
56.367	-0.255
56.383	3.805
56.400	7.406
56.417	10.981
56.433	14.276
56.450	17.621
56.467	20.431
56.483	22.703
56.500	24.772
56.517	26.049
56.533	27.045
56.550	27.326
56.567	27.581
56.583	26.023
56.600	26.304
56.617	24.261
56.633	22.703
56.650	20.175
56.667	28.858
56.683	15.297
56.700	25.794
56.717	10.471
56.733	6.104
56.750	0.511
56.767	-3.575
56.783	-7.406
56.800	-10.752
56.817	-14.557
56.833	-17.111
56.850	-20.431
56.867	-22.755
56.883	-25.027
56.900	-26.815
56.917	-27.326
56.933	-17.366
56.950	-22.755
56.967	-23.495
56.983	-24.772
57.000	-23.751
57.017	-22.218
57.033	-19.690
57.050	-17.366
57.067	-14.301
57.083	-11.237
57.100	-7.432
57.117	-3.831
57.133	0.000
57.150	3.575
57.167	6.870
57.183	9.960
57.200	11.492
57.217	-0.026
57.233	18.387
57.250	23.495
57.267	6.870
57.283	15.068
57.300	28.092
57.317	30.876
57.333	30.135
57.350	27.581
57.367	25.513
57.383	24.006
57.400	21.707
57.417	19.639
57.433	16.855
57.450	13.535
57.467	10.445
57.483	6.640
57.500	3.065
57.517	-0.766
57.533	-4.367
57.550	-8.172
57.567	-11.748
57.583	-14.812
57.600	-17.902
57.617	-20.431
57.633	-22.729
57.650	-24.517
57.667	-26.049
57.683	-27.096
57.700	-27.070
57.717	-27.326
57.733	-26.560
57.750	-25.538
57.767	-23.521
57.783	-22.218
57.800	-20.941
57.817	-20.941
57.833	-14.557
57.850	-11.262
57.867	5.363
57.883	14.046
57.900	0.485
57.917	4.852
57.933	25.027
57.950	16.344
57.967	16.830
57.983	18.898
58.000	20.941
58.017	22.959
58.033	24.517
58.050	25.538
58.067	25.768
58.083	22.218
58.100	14.557
58.117	26.790
58.133	26.049
58.150	24.491
58.167	21.707
58.183	18.643
58.200	16.089
58.217	12.744
58.233	9.449
58.250	6.385
58.267	3.039
58.283	-0.766
58.300	-4.086
58.317	-7.661
58.333	-11.518
58.350	-14.557
58.367	-18.132
58.383	-20.686
58.400	-23.010
58.417	-25.283
58.433	-26.560
58.450	-27.070
58.467	-27.837
58.483	-27.070
58.500	-26.841
58.517	-25.794
58.533	-24.006
58.550	-21.963
58.567	-18.898
58.583	-15.859
58.600	-13.535
58.617	-11.492
58.633	-22.984
58.650	-4.367
58.667	-8.938
58.683	5.108
58.700	9.960
58.717	14.276
58.733	16.600
58.750	18.387
58.767	20.660
58.783	22.474
58.800	24.006
58.817	25.513
58.833	26.560
58.850	27.070
58.867	27.045
58.883	26.049
58.900	25.257
58.917	23.240
58.933	21.452
58.950	18.873
58.967	15.834
58.983	13.024
59.000	9.960
59.017	6.359
59.033	2.298
59.050	-0.766
59.067	-4.878
59.083	-8.172
59.100	-11.492
59.117	-15.068
59.133	-17.621
59.150	-20.201
59.167	-22.984
59.183	-26.304
59.200	-28.347
59.217	-28.858
59.233	-16.115
59.250	-8.683
59.267	-26.560
59.283	-15.068
59.300	-12.539
59.317	-18.643
59.333	-17.111
59.350	-15.323
59.367	-12.514
59.383	-9.219
59.400	-5.618
59.417	-2.043
59.433	1.532
59.450	5.593
59.467	8.683
59.483	12.003
59.500	15.042
59.517	17.621
59.533	19.920
59.550	21.682
59.567	22.984
59.583	21.963
59.600	20.660
59.617	16.600
59.633	26.815
59.650	26.534
59.667	24.772
59.683	22.729
59.700	19.383
59.717	13.791
59.733	3.575
59.750	11.977
59.767	-1.532
59.783	5.874
59.800	2.554
59.817	-0.792
59.833	-4.597
59.850	-7.406
59.867	-11.748
59.883	-15.093
59.900	-17.621
59.917	-20.686
59.933	-22.729
59.950	-24.517
59.967	-26.074
59.983	-26.560
60.000	-26.815
60.017	-26.815
60.033	-26.049
60.050	-24.798
60.067	-23.240
60.083	-20.941
60.100	-18.643
60.117	-15.578
60.133	-12.284
60.150	-9.449
60.167	-5.363
60.183	-1.788
60.200	2.018
60.217	5.108
60.233	8.938
60.250	12.488
60.267	15.578
60.283	18.387
60.300	20.916
60.317	22.984
60.333	24.517
60.350	25.768
60.367	26.560
60.383	26.815
60.400	26.279
60.417	25.283
60.433	24.261
60.450	21.427
60.467	19.154
60.483	18.132
60.500	14.531
60.517	12.003
60.533	19.409
60.550	5.848
60.567	16.855
60.583	0.766
60.600	-4.597
60.617	-8.709
60.633	-12.258
60.650	-15.323
60.667	-18.387
60.683	-20.967
60.700	-22.984
60.717	-24.517
60.733	-25.283
60.750	-17.621
60.767	-21.222
60.783	-22.984
60.800	-23.240
60.817	-22.984
60.833	-21.707
60.850	-20.201
60.867	-17.366
60.883	-15.068
60.900	-11.748
60.917	-8.709
60.933	-5.108
60.950	-1.532
60.967	2.043
60.983	5.082
61.000	7.661
61.017	8.938
61.033	-1.788
61.050	17.340
61.067	21.707
61.083	21.707
61.100	7.891
61.117	14.301
61.133	26.560
61.150	28.577
61.167	29.369
61.183	26.304
61.200	24.236
61.217	21.963
61.233	19.664
61.250	17.340
61.267	14.046
61.283	11.237
61.300	7.891
61.317	4.341
61.333	0.766
61.350	-2.809
61.367	-6.410
61.383	-9.449
61.400	-13.024
61.417	-16.089
61.433	-18.413
61.450	-21.197
61.467	-22.984
61.483	-24.517
61.500	-25.283
61.517	-26.330
61.533	-25.794
61.550	-25.538
61.567	-24.772
61.583	-23.495
61.600	-21.988
61.617	-20.686
61.633	-18.898
61.650	-17.877
61.667	-12.003
61.683	-8.198
61.700	10.471
61.717	12.769
61.733	3.294
61.750	5.874
61.767	11.237
61.783	26.790
61.800	21.197
61.817	20.431
61.833	21.682
61.850	23.495
61.867	24.261
61.883	25.002
61.900	23.751
61.917	22.474
61.933	14.531
61.950	24.261
61.967	24.006
61.983	22.448
62.000	19.664
62.017	16.855
62.033	14.020
62.050	10.981
62.067	7.151
62.083	4.086
62.100	0.485
62.117	-3.065
62.133	-6.640
62.150	-10.215
62.167	-13.050
62.183	-16.089
62.200	-18.898
62.217	-20.686
62.233	-22.984
62.250	-24.798
62.267	-26.049
62.283	-25.538
62.300	-26.049
62.317	-26.049
62.333	-24.798
62.350	-23.495
62.367	-21.707
62.383	-19.409
62.400	-17.111
62.417	-13.816
62.433	-10.726
62.450	-7.917
62.467	-9.194
62.483	-13.305
62.500	-7.917
62.517	6.640
62.533	9.705
62.550	14.787
62.567	18.898
62.583	20.175
62.600	21.427
62.617	22.984
62.633	24.006
62.650	25.002
62.667	25.538
62.683	25.538
62.700	25.257
62.717	24.261
62.733	22.703
62.750	21.197
62.767	18.898
62.783	16.600
62.800	13.510
62.817	10.215
62.833	7.406
62.850	4.061
62.867	0.000
62.883	-3.065
62.900	-6.640
62.917	-9.730
62.933	-13.024
62.950	-15.834
62.967	-18.132
62.983	-20.456
63.000	-22.984
63.017	-25.538
63.033	-27.837
63.050	-27.837
63.067	-15.859
63.083	-9.449
63.100	-20.941
63.117	-23.495
63.133	-4.852
63.150	-13.305
63.167	-14.301
63.183	-12.258
63.200	-9.705
63.217	-6.665
63.233	-3.320
63.250	0.000
63.267	3.831
63.283	6.870
63.300	10.471
63.317	13.024
63.333	15.553
63.350	17.877
63.367	19.409
63.383	20.916
63.400	19.154
63.417	11.492
63.433	25.002
63.450	25.794
63.467	25.283
63.483	24.491
63.500	22.218
63.517	17.111
63.533	4.571
63.550	15.323
63.567	2.298
63.583	10.215
63.600	7.381
63.617	3.320
63.633	0.000
63.650	-3.065
63.667	-6.665
63.683	-9.449
63.700	-13.535
63.717	-16.089
63.733	-18.158
63.750	-20.941
63.767	-22.984
63.783	-24.261
63.800	-24.517
63.817	-26.074
63.833	-25.794
63.850	-24.772
63.867	-24.261
63.883	-22.729
63.900	-20.967
63.917	-18.898
63.933	-16.089
63.950	-13.024
63.967	-9.730
63.983	-6.895
64.000	-3.065
64.017	0.255
64.033	4.316
64.050	7.917
64.067	10.215
64.083	13.791
64.100	16.574
64.117	19.154
64.133	21.452
64.150	23.470
64.167	24.772
64.183	24.772
64.200	25.768
64.217	25.538
64.233	24.772
64.250	23.980
64.267	21.963
64.283	20.431
64.300	17.340
64.317	14.046
64.333	11.748
64.350	8.913
64.367	5.874
64.383	2.809
64.400	10.190
64.417	6.640
64.433	-1.022
64.450	-8.938
64.467	-13.050
64.483	-16.344
64.500	-18.898
64.517	-21.452
64.533	-22.729
64.550	-24.031
64.567	-15.323
64.583	-21.197
64.600	-20.941
64.617	-23.240
64.633	-22.499
64.650	-21.707
64.667	-19.664
64.683	-17.877
64.700	-15.348
64.717	-12.258
64.733	-9.449
64.750	-6.129
64.767	-3.065
64.783	0.230
64.800	2.809
64.817	5.618
64.833	6.359
64.850	0.255
64.867	14.557
64.883	19.128
64.900	22.218
64.917	20.941
64.933	7.917
64.950	13.510
64.967	26.049
64.983	25.538
65.000	26.790
65.017	25.538
65.033	23.240
65.050	20.405
65.067	17.621
65.083	14.812
65.100	11.977
65.117	8.683
65.133	5.363
65.150	2.273
65.167	-1.532
65.183	-5.108
65.200	-7.661
65.217	-11.518
65.233	-14.046
65.250	-16.855
65.267	-19.409
65.283	-21.197
65.300	-22.755
65.317	-24.261
65.333	-24.772
65.350	-25.027
65.367	-24.772
65.383	-24.287
65.400	-22.984
65.417	-21.707
65.433	-20.686
65.450	-18.387
65.467	-17.136
65.483	-14.301
65.500	-9.194
65.517	-5.874
65.533	8.913
65.550	9.960
65.567	13.535
65.583	9.679
65.600	10.726
65.617	14.301
65.633	17.621
65.650	20.916
65.667	30.646
65.683	24.772
65.700	23.980
65.717	25.027
65.733	15.834
65.750	23.470
65.767	24.261
65.783	23.240
65.800	22.193
65.817	19.920
65.833	17.621
65.850	14.020
65.867	11.492
65.883	8.428
65.900	4.827
65.917	1.532
65.933	-2.043
65.950	-5.363
65.967	-8.709
65.983	-11.237
66.000	-14.046
66.017	-16.089
66.033	-19.179
66.050	-21.197
66.067	-22.984
66.083	-23.751
66.100	-24.772
66.117	-25.308
66.133	-25.027
66.150	-24.006
66.167	-22.984
66.183	-21.452
66.200	-19.435
66.217	-16.855
66.233	-14.812
66.250	-11.237
66.267	-8.683
66.283	-4.622
66.300	-1.532
66.317	0.255
66.333	-3.856
66.350	0.255
66.367	0.255
66.383	14.557
66.400	18.107
66.417	20.941
66.433	23.495
66.450	23.725
66.467	24.261
66.483	24.517
66.500	24.491
66.517	24.006
66.533	23.495
66.550	22.193
66.567	20.686
66.583	18.898
66.600	16.319
66.617	14.046
66.633	10.981
66.650	8.147
66.667	4.597
66.683	1.532
66.700	-2.043
66.717	-4.878
66.733	-8.683
66.750	-11.237
66.767	-14.301
66.783	-16.625
66.800	-19.154
66.817	-20.431
66.833	-22.729
66.850	-25.027
66.867	-26.330
66.883	-27.070
66.900	-25.283
66.917	-12.514
66.933	-5.108
66.950	-19.945
66.967	-18.643
66.983	0.000
67.000	-8.938
67.017	-8.964
67.033	-6.895
67.050	-3.831
67.067	-1.022
67.083	2.018
67.100	5.874
67.117	8.683
67.133	11.492
67.150	13.510
67.167	16.344
67.183	17.621
67.200	17.851
67.217	16.600
67.233	12.769
67.250	24.236
67.267	25.283
67.283	24.006
67.300	22.193
67.317	17.111
67.333	8.683
67.350	18.362
67.367	5.363
67.383	13.535
67.400	10.956
67.417	7.661
67.433	4.852
67.450	0.766
67.467	-1.813
67.483	-6.129
67.500	-8.428
67.517	-12.003
67.533	-14.838
67.550	-17.111
67.567	-19.409
67.583	-21.452
67.600	-22.984
67.617	-24.031
67.633	-23.751
67.650	-24.517
67.667	-24.772
67.683	-23.751
67.700	-21.988
67.717	-20.941
67.733	-18.387
67.750	-16.600
67.767	-13.280
67.783	-10.752
67.800	-7.151
67.817	-3.831
67.833	-0.255
67.850	3.294
67.867	6.640
67.883	9.705
67.900	13.254
67.917	15.578
67.933	17.366
67.950	19.639
67.967	21.707
67.983	22.729
68.000	23.725
68.017	24.772
68.033	24.261
68.050	24.236
68.067	23.240
68.083	21.963
68.100	20.660
68.117	18.132
68.133	15.578
68.150	12.769
68.167	9.679
68.183	5.874
68.200	2.298
68.217	0.230
68.233	-3.320
68.250	-5.363
68.267	0.766
68.283	-2.579
68.300	-7.661
68.317	-15.578
68.333	-18.643
68.350	-21.452
68.367	-23.010
68.383	-23.751
68.400	-23.751
68.417	-13.280
68.433	-19.435
68.450	-20.431
68.467	-20.175
68.483	-19.409
68.500	-17.621
68.517	-14.838
68.533	-13.024
68.550	-9.960
68.567	-7.151
68.583	-4.112
68.600	-1.022
68.617	2.043
68.633	4.597
68.650	5.082
68.667	7.151
68.683	5.363
68.700	17.340
68.717	19.920
68.733	21.963
68.750	21.707
68.767	15.297
68.783	15.323
68.800	13.024
68.817	23.725
68.833	22.984
68.850	22.474
68.867	21.171
68.883	19.664
68.900	16.600
68.917	12.999
68.933	9.960
68.950	6.640
68.967	3.039
68.983	0.000
69.000	-3.320
69.017	-6.640
69.033	-10.241
69.050	-12.514
69.067	-15.578
69.083	-17.621
69.100	-19.920
69.117	-21.478
69.133	-22.729
69.150	-23.751
69.167	-24.006
69.183	-23.751
69.200	-23.521
69.217	-22.729
69.233	-21.452
69.250	-19.920
69.267	-18.132
69.283	-15.604
69.300	-13.535
69.317	-12.258
69.333	-7.151
69.350	-3.346
69.367	0.000
69.383	14.301
69.400	7.151
69.417	19.894
69.433	19.154
69.450	17.621
69.467	18.107
69.483	19.664
69.500	21.452
69.517	22.703
69.533	24.006
69.550	24.261
69.567	24.236
69.583	23.751
69.600	22.729
69.617	21.171
69.633	19.154
69.650	16.344
69.667	14.276
69.683	10.471
69.700	8.172
69.717	1.532
69.733	-6.665
69.750	-1.022
69.767	-3.575
69.783	-6.410
69.800	-9.960
69.817	-12.769
69.833	-15.323
69.850	-10.215
69.867	-14.072
69.883	-19.409
69.900	-20.941
69.917	-22.729
69.933	-23.495
69.950	-23.521
69.967	-23.240
69.983	-22.729
70.000	-20.941
70.017	-19.154
70.033	-17.136
70.050	-14.301
70.067	-12.258
70.083	-8.683
70.100	-6.155
70.117	-2.554
70.133	0.766
70.150	4.086
70.167	6.870
70.183	6.385
70.200	-1.532
70.217	4.061
70.233	17.621
70.250	20.175
70.267	22.729
70.283	25.002
70.300	24.772
70.317	24.261
70.333	23.470
70.350	22.474
70.367	21.707
70.383	20.150
70.400	18.387
70.417	16.600
70.433	13.765
70.450	11.492
70.467	8.428
70.483	5.593
70.500	2.298
70.517	-1.022
70.533	-3.831
70.550	-7.176
70.567	-9.960
70.583	-12.514
70.600	-15.323
70.617	-17.647
70.633	-18.898
70.650	-20.941
70.667	-22.218
70.683	-24.006
70.700	-25.053
70.717	-25.794
70.733	-24.517
70.750	-11.492
70.767	-10.215
70.783	-9.985
70.800	-16.600
70.817	-14.046
70.833	0.255
70.850	-1.047
70.867	-3.065
70.883	-1.022
70.900	1.788
70.917	4.316
70.933	7.406
70.950	9.705
70.967	12.233
70.983	14.046
71.000	14.046
71.017	14.557
71.033	10.956
71.050	21.963
71.067	23.495
71.083	23.725
71.100	22.984
71.117	21.707
71.133	17.851
71.150	6.895
71.167	18.387
71.183	15.808
71.200	3.320
71.217	10.981
71.233	8.172
71.250	5.337
71.267	2.043
71.283	-1.532
71.300	-4.112
71.317	-7.406
71.333	-10.215
71.350	-13.535
71.367	-15.068
71.383	-7.942
71.400	-19.409
71.417	-21.197
71.433	-22.474
71.450	-23.240
71.467	-23.521
71.483	-22.984
71.500	-22.729
71.517	-21.707
71.533	-20.431
71.550	-18.413
71.567	-16.600
71.583	-23.751
71.600	-12.258
71.617	-8.198
71.633	-5.108
71.650	-1.788
71.667	2.043
71.683	5.337
71.700	8.683
71.717	11.748
71.733	14.787
71.750	16.600
71.767	18.387
71.783	20.431
71.800	21.427
71.817	22.474
71.833	22.984
71.850	23.470
71.867	23.240
71.883	22.218
71.900	21.427
71.917	20.175
71.933	18.132
71.950	16.319
71.967	13.791
71.983	10.471
72.000	7.636
72.017	4.086
72.033	0.766
72.050	-2.554
72.067	-6.155
72.083	-9.449
72.100	-10.726
72.117	-13.791
72.133	-5.133
72.150	-17.621
72.167	-3.831
72.183	-19.154
72.200	-21.963
72.217	-23.265
72.233	-23.495
72.250	-22.729
72.267	-22.474
72.283	-20.431
72.300	-8.453
72.317	-13.791
72.333	-13.535
72.350	-11.748
72.367	-10.496
72.383	-7.151
72.400	-4.597
72.417	-1.788
72.433	1.251
72.450	4.086
72.467	6.385
72.483	8.428
72.500	9.679
72.517	5.363
72.533	18.132
72.550	19.894
72.567	21.452
72.583	22.984
72.600	22.959
72.617	22.474
72.633	20.431
72.650	7.381
72.667	20.431
72.683	8.683
72.700	17.340
72.717	15.578
72.733	13.791
72.750	10.726
72.767	8.657
72.783	5.108
72.800	2.043
72.817	-1.558
72.833	-5.108
72.850	-8.172
72.867	-10.981
72.883	-13.791
72.900	-16.370
72.917	-18.387
72.933	-20.175
72.950	-21.452
72.967	-22.499
72.983	-22.729
73.000	-23.240
73.017	-22.729
73.033	-22.218
73.050	-21.197
73.067	-19.435
73.083	-17.877
73.100	-16.344
73.117	-14.046
73.133	-11.007
73.150	-8.172
73.167	-4.597
73.183	-0.766
73.200	2.018
73.217	5.618
73.233	8.683
73.250	21.963
73.267	14.531
73.283	16.600
73.300	18.643
73.317	26.279
73.333	25.794
73.350	24.772
73.367	23.725
73.383	23.751
73.400	22.729
73.417	21.427
73.433	18.132
73.450	9.194
73.467	15.808
73.483	14.557
73.500	12.514
73.517	9.424
73.533	6.640
73.550	3.575
73.567	1.277
73.583	-2.579
73.600	-5.618
73.617	-8.683
73.633	-11.237
73.650	-13.816
73.667	-16.344
73.683	-18.132
73.700	-9.194
73.717	-16.089
73.733	-20.456
73.750	-21.963
73.767	-22.984
73.783	-22.729
73.800	-21.452
73.817	-20.456
73.833	-18.643
73.850	-15.323
73.867	-4.341
73.883	-8.964
73.900	-7.151
73.917	-6.640
73.933	-5.108
73.950	-3.090
73.967	-1.277
73.983	-3.831
74.000	8.172
74.017	11.467
74.033	14.812
74.050	14.301
74.067	1.762
74.083	8.428
74.100	21.452
74.117	23.240
74.133	24.491
74.150	24.772
74.167	22.984
74.183	21.427
74.200	20.175
74.217	17.877
74.233	16.319
74.250	14.301
74.267	11.492
74.283	8.913
74.300	6.129
74.317	3.320
74.333	0.000
74.350	-3.090
74.367	-5.618
74.383	-8.683
74.400	-11.237
74.417	-14.072
74.433	-16.089
74.450	-17.877
74.467	-19.409
74.483	-20.941
74.500	-21.988
74.517	-22.474
74.533	-24.006
74.550	-24.261
74.567	-22.729
74.583	-20.711
74.600	-7.917
74.617	-15.068
74.633	2.043
74.650	-10.241
74.667	-9.705
74.683	-5.874
74.700	-2.809
74.717	2.528
74.733	11.492
74.750	6.895
74.767	8.683
74.783	10.956
74.800	5.108
74.817	15.068
74.833	17.851
74.850	19.920
74.867	21.197
74.883	22.448
74.900	22.729
74.917	21.707
74.933	20.405
74.950	17.621
74.967	7.151
74.983	18.107
75.000	16.089
75.017	14.301
75.033	11.237
75.050	8.657
75.067	6.129
75.083	2.809
75.100	-0.026
75.117	-3.065
75.133	-6.129
75.150	-8.683
75.167	-1.558
75.183	-9.449
75.200	-14.812
75.217	-17.621
75.233	-19.409
75.250	-20.711
75.267	-22.218
75.283	-22.218
75.300	-22.729
75.317	-21.963
75.333	-21.222
75.350	-19.920
75.367	-18.387
75.383	-16.600
75.400	-15.323
75.417	-14.072
75.433	-17.111
75.450	-12.258
75.467	-6.640
75.483	-6.410
75.500	3.575
75.517	6.385
75.533	9.960
75.550	13.510
75.567	16.089
75.583	17.366
75.600	19.383
75.617	20.175
75.633	21.197
75.650	21.937
75.667	22.218
75.683	22.474
75.700	21.682
75.717	20.686
75.733	19.920
75.750	17.851
75.767	16.089
75.783	14.046
75.800	11.237
75.817	8.657
75.833	5.618
75.850	2.809
75.867	-0.536
75.883	-3.831
75.900	-7.151
75.917	-10.215
75.933	-13.535
75.950	-15.859
75.967	-17.366
75.983	-18.898
76.000	-20.175
76.017	-10.496
76.033	-21.707
76.050	-7.917
76.067	-18.643
76.083	-20.941
76.100	-20.711
76.117	-19.920
76.133	-17.877
76.150	-15.578
76.167	-13.280
76.183	-2.069
76.200	-5.363
76.217	-3.320
76.233	-0.255
76.250	1.507
76.267	4.086
76.283	6.640
76.300	7.381
76.317	10.215
76.333	12.514
76.350	7.406
76.367	17.340
76.383	20.175
76.400	21.197
76.417	21.937
76.433	22.218
76.450	22.218
76.467	21.682
76.483	20.175
76.500	18.132
76.517	15.553
76.533	1.277
76.550	11.748
76.567	10.471
76.583	-3.090
76.600	5.618
76.617	2.298
76.633	-0.536
76.650	-3.320
76.667	-5.618
76.683	-8.938
76.700	-11.748
76.717	-14.327
76.733	-16.600
76.750	-18.643
76.767	-19.920
76.783	-21.478
76.800	-21.707
76.817	-22.218
76.833	-21.707
76.850	-21.707
76.867	-20.711
76.883	-19.409
76.900	-17.621
76.917	-15.578
76.933	-13.791
76.950	-11.518
76.967	-7.917
76.983	-5.618
77.000	-2.554
77.017	0.996
77.033	4.086
77.050	6.895
77.067	9.960
77.083	12.488
77.100	14.812
77.117	16.855
77.133	18.617
77.150	20.175
77.167	21.197
77.183	21.937
77.200	21.963
77.217	21.963
77.233	21.171
77.250	20.431
77.267	18.643
77.283	17.085
77.300	15.323
77.317	13.024
77.333	9.960
77.350	7.381
77.367	4.852
77.383	1.532
77.400	-0.792
77.417	-4.341
77.433	-7.406
77.450	-10.215
77.467	-12.258
77.483	-4.367
77.500	-16.344
77.517	-18.387
77.533	-5.363
77.550	-18.158
77.567	-20.941
77.583	-21.707
77.600	-21.707
77.617	-20.941
77.633	-19.690
77.650	-8.428
77.667	-10.471
77.683	-11.748
77.700	-11.262
77.717	-8.938
77.733	-7.151
77.750	-4.341
77.767	-1.788
77.783	0.996
77.800	3.575
77.817	5.618
77.833	5.848
77.850	-1.532
77.867	12.769
77.883	17.877
77.900	17.085
77.917	2.809
77.933	9.705
77.950	21.427
77.967	22.729
77.983	23.240
78.000	22.959
78.017	20.686
78.033	18.643
78.050	16.319
78.067	14.301
78.083	11.748
78.100	9.705
78.117	6.870
78.133	3.831
78.150	1.022
78.167	-1.813
78.183	-4.597
78.200	-7.406
78.217	-9.960
78.233	-12.769
78.250	-14.582
78.267	-16.600
78.283	-18.132
78.300	-19.409
78.317	-20.456
78.333	-21.197
78.350	-21.452
78.367	-21.707
78.383	-21.963
78.400	-21.452
78.417	-19.945
78.433	-17.366
78.450	-14.812
78.467	-1.022
78.483	-8.198
78.500	8.172
78.517	-2.043
78.533	-0.766
78.550	1.762
78.567	4.597
78.583	7.661
78.600	10.190
78.617	12.769
78.633	15.068
78.650	16.855
78.667	19.128
78.683	19.920
78.700	20.941
78.717	21.171
78.733	21.197
78.750	20.686
78.767	19.383
78.783	18.387
78.800	15.068
78.817	6.104
78.833	13.024
78.850	11.748
78.867	9.449
78.883	6.870
78.900	4.852
78.917	12.003
78.933	1.251
78.950	-3.575
78.967	-6.640
78.983	-9.960
79.000	-12.284
79.017	-15.068
79.033	-16.855
79.050	-18.898
79.067	-20.431
79.083	-20.711
79.100	-21.707
79.117	-21.452
79.133	-21.197
79.150	-20.686
79.167	-19.690
79.183	-18.643
79.200	-16.344
79.217	-14.046
79.233	-11.748
79.250	-9.219
79.267	-7.661
79.283	-9.194
79.300	-13.024
79.317	-8.198
79.333	4.852
79.350	8.428
79.367	10.981
79.383	14.531
79.400	16.855
79.417	18.387
79.433	19.383
79.450	20.175
79.467	20.686
79.483	21.171
79.500	21.197
79.517	20.941
79.533	20.150
79.550	19.154
79.567	17.877
79.583	16.319
79.600	14.046
79.617	11.492
79.633	9.194
79.650	6.614
79.667	3.575
79.683	1.022
79.700	-2.298
79.717	-4.878
79.733	-7.917
79.750	-10.726
79.767	-13.791
79.783	-15.604
79.800	-18.387
79.817	-20.686
79.833	-20.686
79.850	-21.452
79.867	-21.733
79.883	-10.215
79.900	-11.492
79.917	-12.258
79.933	-18.132
79.950	-17.392
79.967	-16.344
79.983	-13.791
80.000	-11.237
80.017	0.996
80.033	-1.277
80.050	-0.255
80.067	1.022
80.083	3.294
80.100	5.363
80.117	8.428
80.133	10.445
80.150	13.024
80.167	14.557
80.183	15.834
80.200	16.574
80.217	16.855
80.233	10.215
80.250	20.150
80.267	21.452
80.283	20.686
80.300	20.150
80.317	19.154
80.333	17.621
80.350	15.042
80.367	13.280
80.383	9.960
80.400	6.895
80.417	-1.302
80.433	-6.129
80.450	-0.511
80.467	-13.535
80.483	-5.133
80.500	-8.428
80.517	-10.215
80.533	-13.024
80.550	-14.838
80.567	-15.834
80.583	-18.387
80.600	-19.409
80.617	-20.175
80.633	-21.222
80.650	-20.941
80.667	-20.686
80.683	-19.920
80.700	-18.898
80.717	-17.136
80.733	-15.578
80.750	-13.535
80.767	-11.237
80.783	-8.683
80.800	-5.899
80.817	-3.065
80.833	-0.255
80.850	2.809
80.867	5.593
80.883	8.428
80.900	11.237
80.917	12.999
80.933	15.834
80.950	17.366
80.967	18.617
80.983	20.175
81.000	20.431
81.017	21.171
81.033	21.197
81.050	21.197
81.067	19.409
81.083	18.362
81.100	16.344
81.117	14.812
81.133	13.254
81.150	10.215
81.167	7.917
81.183	5.337
81.200	2.298
81.217	-0.511
81.233	-2.554
81.250	-5.899
81.267	-8.938
81.283	-10.726
81.300	-2.809
81.317	-15.093
81.333	-7.406
81.350	-11.748
81.367	-18.132
81.383	-19.920
81.400	-21.222
81.417	-21.197
81.433	-20.175
81.450	-9.705
81.467	-12.003
81.483	-12.795
81.500	-13.535
81.517	-12.258
81.533	-9.449
81.550	-7.687
81.567	-5.108
81.583	-2.298
81.600	0.511
81.617	2.784
81.633	5.363
81.650	7.661
81.667	9.449
81.683	9.168
81.700	-1.022
81.717	16.344
81.733	19.383
81.750	17.111
81.767	4.341
81.783	9.705
81.800	21.171
81.817	21.452
81.833	22.218
81.850	19.128
81.867	17.111
81.883	14.812
81.900	12.233
81.917	9.960
81.933	7.661
81.950	4.597
81.967	2.273
81.983	-0.766
82.000	-3.575
82.017	-6.155
82.033	-8.938
82.050	-11.237
82.067	-13.280
82.083	-15.323
82.100	-17.136
82.117	-18.132
82.133	-19.409
82.150	-20.175
82.167	-20.175
82.183	-20.201
82.200	-20.175
82.217	-19.409
82.233	-18.898
82.250	-17.877
82.267	-16.625
82.283	-13.791
82.300	-10.215
82.317	-7.917
82.333	5.848
82.350	-1.532
82.367	2.298
82.383	17.621
82.400	8.402
82.417	9.705
82.433	11.237
82.450	13.765
82.467	15.578
82.483	17.366
82.500	18.617
82.517	19.920
82.533	20.175
82.550	20.431
82.567	20.660
82.583	19.920
82.600	18.643
82.617	17.851
82.633	16.089
82.650	14.557
82.667	12.744
82.683	10.215
82.700	7.661
82.717	4.597
82.733	2.273
82.750	-0.511
82.767	-3.831
82.783	-6.129
82.800	-8.709
82.817	-11.492
82.833	-13.535
82.850	-15.834
82.867	-17.647
82.883	-18.643
82.900	-19.664
82.917	-20.175
82.933	-11.237
82.950	-18.668
82.967	-18.898
82.983	-19.154
83.000	-18.643
83.017	-18.387
83.033	-24.031
83.050	-13.535
83.067	-10.215
83.083	-6.640
83.100	-4.878
83.117	-5.108
83.133	-14.046
83.150	-6.385
83.167	6.359
83.183	9.194
83.200	12.514
83.217	15.834
83.233	17.596
83.250	18.387
83.267	18.898
83.283	19.639
83.300	19.920
83.317	20.431
83.333	20.150
83.350	19.409
83.367	18.898
83.383	17.340
83.400	15.834
83.417	14.046
83.433	12.003
83.450	9.679
83.467	7.151
83.483	4.597
83.500	1.762
83.517	-0.766
83.533	-4.086
83.550	-6.385
83.567	-8.964
83.583	-11.492
83.600	-13.791
83.617	-15.578
83.633	-17.877
83.650	-19.690
83.667	-21.452
83.683	-21.963
83.700	-21.197
83.717	-20.686
83.733	-8.198
83.750	-9.449
83.767	-8.938
83.783	-15.323
83.800	-14.301
83.817	-11.773
83.833	-6.895
83.850	5.363
83.867	0.511
83.883	0.230
83.900	2.298
83.917	4.597
83.933	6.870
83.950	9.960
83.967	11.748
83.983	13.535
84.000	15.042
84.017	16.344
84.033	16.600
84.050	17.085
84.067	16.855
84.083	10.471
84.100	18.617
84.117	19.664
84.133	18.387
84.150	17.085
84.167	16.089
84.183	13.280
84.200	11.492
84.217	8.657
84.233	6.385
84.250	3.065
84.267	-0.255
84.283	-3.856
84.300	-19.154
84.317	-7.661
84.333	-10.215
84.350	-22.244
84.367	-13.791
84.383	-15.578
84.400	-16.600
84.417	-18.132
84.433	-18.924
84.450	-19.664
84.467	-19.409
84.483	-19.920
84.500	-18.643
84.517	-18.413
84.533	-16.855
84.550	-15.323
84.567	-13.280
84.583	-11.237
84.600	-8.964
84.617	-6.385
84.633	-3.831
84.650	-0.511
84.667	1.762
84.683	4.852
84.700	7.151
84.717	9.679
84.733	12.258
84.750	14.301
84.767	15.834
84.783	17.596
84.800	18.898
84.817	19.409
84.833	20.150
84.850	19.920
84.867	19.920
84.883	18.873
84.900	18.132
84.917	16.855
84.933	14.787
84.950	12.514
84.967	10.726
84.983	7.917
85.000	5.337
85.017	3.065
85.033	0.000
85.050	-2.324
85.067	-4.852
85.083	-7.406
85.100	1.788
85.117	-11.748
85.133	-0.281
85.150	-12.258
85.167	-16.344
85.183	-18.387
85.200	-19.945
85.217	-19.409
85.233	-19.920
85.250	-7.917
85.267	-13.024
85.283	-15.348
85.300	-15.323
85.317	-14.046
85.333	-12.514
85.350	-10.471
85.367	-8.198
85.383	-5.874
85.400	-3.065
85.417	-0.766
85.433	2.018
85.450	4.341
85.467	6.640
85.483	8.913
85.500	10.726
85.517	11.492
85.533	8.428
85.550	5.337
85.567	18.898
85.583	18.898
85.600	2.784
85.617	7.661
85.633	19.664
85.650	20.175
85.667	19.894
85.683	18.643
85.700	15.578
85.717	12.999
85.733	10.471
85.750	7.917
85.767	5.337
85.783	2.809
85.800	0.255
85.817	-2.554
85.833	-5.133
85.850	-7.406
85.867	-9.960
85.883	-12.258
85.900	-14.046
85.917	-15.859
85.933	-17.366
85.950	-18.387
85.967	-19.154
85.983	-19.409
86.000	-19.435
86.017	-19.154
86.033	-18.387
86.050	-17.621
86.067	-16.625
86.083	-15.323
86.100	-13.791
86.117	-13.024
86.133	-8.938
86.150	-6.410
86.167	-3.065
86.183	-0.255
86.200	13.535
86.217	5.337
86.233	17.366
86.250	16.089
86.267	14.020
86.283	14.812
86.300	16.344
86.317	17.851
86.333	18.387
86.350	19.409
86.367	19.920
86.383	19.639
86.400	19.409
86.417	18.898
86.433	17.851
86.450	16.344
86.467	14.812
86.483	12.233
86.500	10.726
86.517	8.172
86.533	5.618
86.550	2.784
86.567	0.255
86.583	-2.554
86.600	-5.108
86.617	-7.942
86.633	-9.960
86.650	-12.514
86.667	-14.812
86.683	-16.115
86.700	-17.366
86.717	-16.600
86.733	-8.428
86.750	-16.600
86.767	-17.902
86.783	-18.898
86.800	-18.132
86.817	-17.366
86.833	-16.600
86.850	-15.859
86.867	-17.111
86.883	-24.006
86.900	-9.194
86.917	-4.622
86.933	-2.554
86.950	-2.809
86.967	-12.769
86.983	-4.852
87.000	6.614
87.017	11.237
87.033	14.301
87.050	17.340
87.067	17.111
87.083	18.132
87.100	18.617
87.117	19.154
87.133	19.154
87.150	19.383
87.167	18.387
87.183	18.387
87.200	17.111
87.217	16.064
87.233	14.046
87.250	12.003
87.267	10.190
87.283	7.661
87.300	4.852
87.317	2.809
87.333	-0.281
87.350	-2.809
87.367	-5.363
87.383	-7.661
87.400	-9.985
87.417	-12.003
87.433	-14.046
87.450	-16.089
87.467	-17.647
87.483	-19.409
87.500	-21.197
87.517	-21.707
87.533	-20.431
87.550	-19.409
87.567	-6.921
87.583	-0.255
87.600	-14.301
87.617	-14.301
87.633	-12.028
87.650	0.766
87.667	-0.255
87.683	-1.788
87.700	-1.047
87.717	1.532
87.733	3.575
87.750	5.874
87.767	8.402
87.783	10.471
87.800	12.258
87.817	14.276
87.833	15.578
87.850	16.344
87.867	17.596
87.883	16.600
87.900	16.600
87.917	16.344
87.933	9.424
87.950	17.366
87.967	16.855
87.983	15.553
88.000	13.791
88.017	12.003
88.033	9.168
88.050	6.895
88.067	4.341
88.083	1.788
88.100	-1.813
88.117	-4.852
88.133	-9.194
88.150	-21.963
88.167	-10.981
88.183	-23.521
88.200	-14.557
88.217	-16.089
88.233	-17.111
88.250	-18.387
88.267	-18.413
88.283	-18.132
88.300	-18.132
88.317	-18.387
88.333	-17.621
88.350	-16.625
88.367	-14.812
88.383	-13.535
88.400	-11.492
88.417	-9.475
88.433	-6.640
88.450	-4.086
88.467	-1.788
88.483	0.741
88.500	3.575
88.517	6.129
88.533	8.428
88.550	10.700
88.567	13.024
88.583	14.812
88.600	16.319
88.617	17.877
88.633	18.387
88.650	19.128
88.667	19.409
88.683	19.154
88.700	18.643
88.717	17.596
88.733	16.600
88.750	14.557
88.767	13.254
88.783	10.726
88.800	8.172
88.817	5.363
88.833	3.294
88.850	0.766
88.867	-1.022
88.883	-3.856
88.900	4.597
88.917	-8.172
88.933	4.086
88.950	-10.241
88.967	-13.535
88.983	-16.089
89.000	-17.111
89.017	-18.132
89.033	-18.924
89.050	-16.855
89.067	-6.895
89.083	-14.812
89.100	-15.578
89.117	-15.093
89.133	-13.791
89.150	-12.769
89.167	-10.726
89.183	-8.709
89.200	-6.385
89.217	-4.086
89.233	-1.532
89.250	1.022
89.267	3.550
89.283	5.874
89.300	7.917
89.317	10.190
89.333	11.492
89.350	12.003
89.367	8.428
89.383	5.337
89.400	19.154
89.417	18.387
89.433	8.913
89.450	10.726
89.467	7.917
89.483	18.617
89.500	18.643
89.517	16.600
89.533	14.046
89.550	10.956
89.567	8.683
89.583	5.874
89.600	3.294
89.617	1.277
89.633	-1.788
89.650	-4.086
89.667	-6.410
89.683	-9.194
89.700	-10.981
89.717	-13.024
89.733	-14.812
89.750	-16.115
89.767	-17.111
89.783	-18.132
89.800	-18.898
89.817	-18.387
89.833	-18.668
89.850	-17.877
89.867	-17.366
89.883	-15.834
89.900	-14.812
89.917	-13.305
89.933	-11.748
89.950	-10.471
89.967	-7.917
89.983	-4.622
90.000	-1.277
90.017	1.532
90.033	15.068
90.050	6.870
90.067	22.729
90.083	15.068
90.100	13.765
90.117	15.068
90.133	15.834
90.150	17.596
90.167	18.387
90.183	19.154
90.200	18.898
90.217	18.873
90.233	18.643
90.250	17.366
90.267	16.574
90.283	14.557
90.300	13.024
90.317	10.700
90.333	8.683
90.350	6.129
90.367	3.831
90.383	0.741
90.400	-1.532
90.417	-4.341
90.433	-6.385
90.450	-8.964
90.467	-11.492
90.483	-13.535
90.500	-15.068
90.517	-16.855
90.533	-16.625
90.550	-6.895
90.567	-14.557
90.583	-16.855
90.600	-18.132
90.617	-17.902
90.633	-17.366
90.650	-16.089
90.667	-15.578
90.683	-14.072
90.700	-15.068
90.717	-21.707
90.733	-6.640
90.750	-3.065
90.767	-1.558
90.783	-9.194
90.800	-2.809
90.817	-3.831
90.833	9.679
90.850	12.769
90.867	15.834
90.883	16.574
90.900	16.600
90.917	17.366
90.933	18.132
90.950	18.107
90.967	19.154
90.983	18.132
91.000	17.851
91.017	16.855
91.033	15.578
91.050	14.020
91.067	12.514
91.083	9.960
91.100	8.172
91.117	5.848
91.133	3.320
91.150	0.511
91.167	-1.558
91.183	-4.341
91.200	-6.640
91.217	-8.938
91.233	-10.981
91.250	-12.795
91.267	-14.557
91.283	-16.600
91.300	-17.366
91.317	-19.664
91.333	-20.711
91.350	-20.686
91.367	-19.154
91.383	-6.640
91.400	0.741
91.417	-14.812
91.433	-14.301
91.450	-11.748
91.467	3.831
91.483	-2.324
91.500	-3.320
91.517	-1.788
91.533	0.255
91.550	2.528
91.567	4.597
91.583	7.151
91.600	9.168
91.617	10.981
91.633	13.280
91.650	14.812
91.667	15.297
91.683	16.600
91.700	16.344
91.717	15.042
91.733	15.578
91.750	8.683
91.767	16.319
91.783	16.344
91.800	15.578
91.817	13.535
91.833	11.722
91.850	10.471
91.867	7.151
91.883	5.082
91.900	2.554
91.917	0.000
91.933	-3.065
91.950	-6.155
91.967	-9.194
91.983	-23.495
92.000	-13.024
92.017	-16.600
92.033	-23.010
92.050	-16.089
92.067	-17.111
92.083	-17.621
92.100	-17.621
92.117	-17.392
92.133	-17.621
92.150	-17.111
92.167	-15.834
92.183	-14.812
92.200	-13.561
92.217	-11.492
92.233	-9.449
92.250	-7.661
92.267	-4.878
92.283	-2.554
92.300	-0.255
92.317	2.554
92.333	4.571
92.350	7.661
92.367	9.449
92.383	11.748
92.400	13.510
92.417	15.068
92.433	16.600
92.450	17.340
92.467	18.387
92.483	18.643
92.500	18.362
92.517	18.387
92.533	17.111
92.550	16.344
92.567	14.787
92.583	13.024
92.600	10.471
92.617	7.636
92.633	6.385
92.650	4.086
92.667	2.298
92.683	0.996
92.700	7.151
92.717	-4.086
92.733	7.661
92.750	-7.176
92.767	-11.237
92.783	-13.280
92.800	-15.323
92.817	-16.370
92.833	-17.111
92.850	-12.003
92.867	-10.471
92.883	-14.301
92.900	-16.370
92.917	-15.578
92.933	-14.557
92.950	-14.301
92.967	-12.769
92.983	-11.007
93.000	-8.938
93.017	-7.151
93.033	-4.852
93.050	-2.324
93.067	0.000
93.083	2.809
93.100	4.852
93.117	7.125
93.133	8.938
93.150	10.471
93.167	11.722
93.183	10.981
93.200	0.255
93.217	16.600
93.233	18.873
93.250	15.323
93.267	2.298
93.283	6.614
93.300	17.877
93.317	18.132
93.333	17.366
93.350	14.020
93.367	11.492
93.383	8.938
93.400	6.359
93.417	4.086
93.433	1.788
93.450	-0.511
93.467	-3.090
93.483	-5.874
93.500	-7.661
93.517	-9.960
93.533	-12.003
93.550	-13.816
93.567	-15.068
93.583	-16.344
93.600	-17.111
93.617	-17.902
93.633	-17.877
93.650	-17.877
93.667	-17.621
93.683	-16.344
93.700	-15.604
93.717	-14.557
93.733	-12.514
93.750	-11.237
93.767	-9.705
93.783	-8.709
93.800	-6.385
93.817	-2.809
93.833	0.255
93.850	2.784
93.867	17.111
93.883	19.664
93.900	16.064
93.917	12.769
93.933	13.535
93.950	14.812
93.967	16.574
93.983	17.366
94.000	18.387
94.017	18.362
94.033	18.387
94.050	18.132
94.067	17.085
94.083	16.089
94.100	14.557
94.117	13.535
94.133	10.700
94.150	9.194
94.167	6.385
94.183	4.316
94.200	1.788
94.217	-0.766
94.233	-3.575
94.250	-5.389
94.267	-7.661
94.283	-10.471
94.300	-12.258
94.317	-14.301
94.333	-15.348
94.350	-6.895
94.367	-13.024
94.383	-14.301
94.400	-16.625
94.417	-17.621
94.433	-17.366
94.450	-16.600
94.467	-16.089
94.483	-15.093
94.500	-14.301
94.517	-15.323
94.533	-21.452
94.550	-8.683
94.567	-3.601
94.583	-1.788
94.600	-6.895
94.617	-7.406
94.633	-5.133
94.650	8.428
94.667	12.003
94.683	14.812
94.700	15.042
94.717	15.834
94.733	16.344
94.750	16.830
94.767	17.366
94.783	17.621
94.800	17.596
94.817	17.111
94.833	16.600
94.850	15.323
94.867	14.020
94.883	12.258
94.900	11.237
94.917	8.402
94.933	6.129
94.950	4.086
94.967	1.277
94.983	-0.792
95.000	-3.320
95.017	-5.618
95.033	-7.917
95.050	-9.985
95.067	-11.748
95.083	-13.535
95.100	-15.068
95.117	-17.111
95.133	-19.179
95.150	-20.431
95.167	-19.154
95.183	-7.151
95.200	-5.363
95.217	-9.730
95.233	-15.068
95.250	-14.301
95.267	-9.960
95.283	4.316
95.300	-4.341
95.317	-4.597
95.333	-2.554
95.350	-0.536
95.367	1.532
95.383	3.575
95.400	6.129
95.417	8.402
95.433	10.215
95.450	12.003
95.467	13.254
95.483	14.812
95.500	15.578
95.517	15.068
95.533	14.531
95.550	15.578
95.567	15.068
95.583	8.657
95.600	15.578
95.617	15.068
95.633	13.791
95.650	11.977
95.667	10.215
95.683	7.917
95.700	5.593
95.717	3.065
95.733	1.022
95.750	-1.788
95.767	-4.878
95.783	-7.661
95.800	-11.492
95.817	-24.261
95.833	-12.769
95.850	-24.798
95.867	-15.068
95.883	-16.089
95.900	-16.855
95.917	-16.600
95.933	-17.136
95.950	-16.600
95.967	-16.600
95.983	-15.578
96.000	-14.812
96.017	-13.305
96.033	-12.003
96.050	-9.960
96.067	-7.917
96.083	-5.644
96.100	-3.320
96.117	-0.766
96.133	1.788
96.150	3.805
96.167	6.385
96.183	8.428
96.200	10.726
96.217	12.488
96.233	14.046
96.250	15.578
96.267	16.830
96.283	17.111
96.300	17.621
96.317	18.107
96.333	17.621
96.350	16.855
96.367	16.089
96.383	14.276
96.400	12.258
96.417	10.981
96.433	7.636
96.450	7.151
96.467	4.852
96.483	2.809
96.500	11.467
96.517	-1.022
96.533	11.492
96.550	-4.341
96.567	-7.942
96.583	-10.215
96.600	-12.514
96.617	-14.301
96.633	-15.348
96.650	-16.344
96.667	-7.661
96.683	-13.024
96.700	-14.046
96.717	-15.859
96.733	-15.578
96.750	-15.323
96.767	-13.535
96.783	-12.769
96.800	-11.262
96.817	-9.194
96.833	-7.406
96.850	-5.108
96.867	-2.835
96.883	0.255
96.900	1.532
96.917	4.341
96.933	5.848
96.950	8.428
96.967	9.449
96.983	10.726
97.000	10.956
97.017	0.766
97.033	13.535
97.050	17.340
97.067	16.600
97.083	0.000
97.100	6.129
97.117	17.085
97.133	17.877
97.150	17.111
97.167	14.020
97.183	12.003
97.200	9.194
97.217	6.895
97.233	4.571
97.250	2.298
97.267	0.000
97.283	-2.579
97.300	-4.852
97.317	-6.895
97.333	-8.938
97.350	-10.981
97.367	-12.539
97.383	-14.046
97.400	-15.578
97.417	-16.344
97.433	-17.111
97.450	-17.136
97.467	-17.366
97.483	-17.111
97.500	-16.089
97.517	-15.068
97.533	-14.327
97.550	-12.514
97.567	-11.748
97.583	-9.960
97.600	-8.964
97.617	-6.895
97.633	-3.575
97.650	-0.255
97.667	12.744
97.683	5.618
97.700	22.218
97.717	11.748
97.733	10.956
97.750	12.258
97.767	14.301
97.783	16.064
97.800	17.877
97.817	25.794
97.833	18.362
97.850	16.600
97.867	9.449
97.883	15.323
97.900	15.553
97.917	14.557
97.933	13.280
97.950	10.956
97.967	9.449
97.983	7.151
98.000	4.852
98.017	2.528
98.033	-0.255
98.050	-2.298
98.067	-4.852
98.083	-6.921
98.100	-9.449
98.117	-11.237
98.133	-12.769
98.150	-14.838
98.167	-15.323
98.183	-15.834
98.200	-6.385
98.217	-13.791
98.233	-15.093
98.250	-16.089
98.267	-16.344
98.283	-15.834
98.300	-14.812
98.317	-14.327
98.333	-16.089
98.350	-21.452
98.367	-7.406
98.383	-3.831
98.400	-3.090
98.417	-15.834
98.433	0.255
98.450	-5.618
98.467	7.636
98.483	10.215
98.500	14.301
98.517	14.020
98.533	14.557
98.550	15.323
98.567	15.834
98.583	16.574
98.600	17.111
98.617	16.855
98.633	16.830
98.650	16.089
98.667	15.068
98.683	13.510
98.700	12.514
98.717	10.471
98.733	8.683
98.750	6.614
98.767	4.597
98.783	2.043
98.800	0.000
98.817	-2.579
98.833	-4.852
98.850	-6.895
98.867	-8.172
98.883	-10.496
98.900	-12.769
98.917	-13.791
98.933	-16.344
98.950	-18.643
98.967	-19.690
98.983	-18.132
99.000	-6.640
99.017	-1.277
99.033	-12.514
99.050	-15.859
99.067	-12.514
99.083	4.852
99.100	-6.895
99.117	-7.176
99.133	-5.363
99.150	-3.831
99.167	-1.532
99.183	0.741
99.200	3.065
99.217	4.852
99.233	7.151
99.250	9.168
99.267	10.981
99.283	12.514
99.300	13.254
99.317	14.046
99.333	14.301
99.350	14.301
99.367	14.276
99.383	8.172
99.400	14.301
99.417	16.064
99.433	14.812
99.450	13.791
99.467	11.748
99.483	10.190
99.500	8.683
99.517	5.874
99.533	3.805
99.550	1.277
99.567	-1.022
99.583	-4.341
99.600	-8.453
99.617	-21.707
99.633	-10.215
99.650	-22.218
99.667	-12.514
99.683	-13.816
99.700	-15.323
99.717	-15.578
99.733	-15.578
99.750	-16.344
99.767	-16.115
99.783	-16.600
99.800	-15.578
99.817	-14.557
99.833	-13.535
99.850	-12.028
99.867	-9.960
99.883	-8.172
99.900	-6.129
99.917	-4.112
99.933	-1.532
99.950	0.766
99.967	3.320
99.983	5.337
100.000	7.661
100.017	9.705
100.033	11.492
100.050	12.999
100.067	14.557
100.083	15.834
100.100	16.574
100.117	16.855
100.133	17.366
100.150	17.111
100.167	16.319
100.183	15.068
100.200	14.046
100.217	12.233
100.233	9.960
100.250	9.194
100.267	7.406
100.283	5.337
100.300	14.557
100.317	1.788
100.333	12.999
100.350	0.255
100.367	-4.341
100.383	-7.151
100.400	-9.730
100.417	-11.748
100.433	-13.024
100.450	-14.557
100.467	-15.068
100.483	-7.432
100.500	-13.280
100.517	-13.535
100.533	-13.791
100.550	-14.812
100.567	-14.838
100.583	-13.535
100.600	-12.769
100.617	-11.237
100.633	-9.475
100.650	-7.917
100.667	-5.108
100.683	-3.575
100.700	-1.277
100.717	0.741
100.733	3.320
100.750	5.363
100.767	6.870
100.783	8.938
100.800	9.449
100.817	8.683
100.833	-0.792
100.850	15.578
100.867	17.111
100.883	14.557
100.900	0.230
100.917	5.618
100.933	16.855
100.950	16.830
100.967	17.111
100.983	14.557
101.000	11.492
101.017	9.934
101.033	6.895
101.050	5.108
101.067	2.784
101.083	0.511
101.100	-1.788
101.117	-3.575
101.133	-6.155
101.150	-7.917
101.167	-10.215
101.183	-11.748
101.200	-13.024
101.217	-14.838
101.233	-15.323
101.250	-16.089
101.267	-16.855
101.283	-16.344
101.300	-16.370
101.317	-16.089
101.333	-14.812
101.350	-13.791
101.367	-13.024
101.383	-11.518
101.400	-10.471
101.417	-8.683
101.433	-7.917
101.450	-3.856
101.467	-1.277
101.483	12.514
101.500	6.129
101.517	20.916
101.533	9.705
101.550	9.449
101.567	11.722
101.583	13.791
101.600	17.366
101.617	24.772
101.633	17.340
101.650	16.855
101.667	16.344
101.683	15.042
101.700	7.151
101.717	14.812
101.733	14.301
101.750	12.999
101.767	11.748
101.783	9.449
101.800	7.381
101.817	5.363
101.833	2.554
101.850	0.766
101.867	-1.558
101.883	-4.086
101.900	-6.129
101.917	-8.172
101.933	-10.496
101.950	-12.003
101.967	-13.535
101.983	-14.557
102.000	-14.557
102.017	-6.665
102.033	-14.046
102.050	-14.557
102.067	-15.834
102.083	-16.089
102.100	-15.348
102.117	-15.834
102.133	-16.344
102.150	-23.240
102.167	-9.449
102.183	-7.432
102.200	-4.597
102.217	-4.852
102.233	-16.600
102.250	-9.730
102.267	4.086
102.283	6.640
102.300	10.215
102.317	12.744
102.333	13.024
102.350	13.535
102.367	14.531
102.383	15.323
102.400	15.834
102.417	16.089
102.433	16.574
102.450	16.089
102.467	15.578
102.483	14.787
102.500	13.791
102.517	12.258
102.533	10.726
102.550	8.913
102.567	7.406
102.583	4.597
102.600	2.784
102.617	0.511
102.633	-1.788
102.650	-3.831
102.667	-6.155
102.683	-7.917
102.700	-9.960
102.717	-11.748
102.733	-13.280
102.750	-15.604
102.767	-18.132
102.783	-18.132
102.800	-17.621
102.817	-5.618
102.833	-0.792
102.850	-11.748
102.867	-15.578
102.883	-13.024
102.900	4.827
102.917	-7.151
102.933	-6.895
102.950	-5.874
102.967	-4.086
102.983	-2.069
103.000	0.255
103.017	2.043
103.033	4.597
103.050	6.359
103.067	8.172
103.083	9.960
103.100	11.467
103.117	12.514
103.133	13.535
103.150	14.301
103.167	13.254
103.183	13.024
103.200	6.640
103.217	14.020
103.233	15.578
103.250	14.812
103.267	13.280
103.283	12.488
103.300	10.726
103.317	8.172
103.333	6.359
103.350	4.086
103.367	1.532
103.383	-1.788
103.400	-7.687
103.417	-15.834
103.433	-7.151
103.450	-19.154
103.467	-10.215
103.483	-11.773
103.500	-12.258
103.517	-13.791
103.533	-14.812
103.550	-15.323
103.567	-15.859
103.583	-16.089
103.600	-15.834
103.617	-15.578
103.633	-14.557
103.650	-13.561
103.667	-12.003
103.683	-10.215
103.700	-8.683
103.717	-6.410
103.733	-4.597
103.750	-2.043
103.767	0.000
103.783	2.528
103.800	4.597
103.817	6.895
103.833	8.428
103.850	10.700
103.867	12.258
103.883	13.535
103.900	14.787
103.917	15.834
103.933	16.089
103.950	16.089
103.967	16.064
103.983	15.578
104.000	14.812
104.017	13.510
104.033	11.748
104.050	10.981
104.067	9.449
104.083	7.891
104.100	14.812
104.117	6.640
104.133	11.211
104.150	7.151
104.167	-0.511
104.183	-4.597
104.200	-6.410
104.217	-8.683
104.233	-10.981
104.250	-12.003
104.267	-13.535
104.283	-7.687
104.300	-9.705
104.317	-12.258
104.333	-14.046
104.350	-15.068
104.367	-15.348
104.383	-14.301
104.400	-13.791
104.417	-12.514
104.433	-11.518
104.450	-9.449
104.467	-7.917
104.483	-6.129
104.500	-4.086
104.517	-1.813
104.533	0.000
104.550	2.298
104.567	4.597
104.583	6.104
104.600	7.406
104.617	7.917
104.633	4.061
104.650	3.575
104.667	15.068
104.683	15.578
104.700	9.679
104.717	4.086
104.733	5.363
104.750	16.344
104.767	16.830
104.783	17.111
104.800	13.791
104.817	11.977
104.833	9.449
104.850	8.172
104.867	5.618
104.883	3.294
104.900	1.022
104.917	-0.766
104.933	-3.065
104.950	-5.133
104.967	-7.406
104.983	-9.194
105.000	-10.726
105.017	-12.539
105.033	-13.791
105.050	-14.301
105.067	-15.578
105.083	-15.834
105.100	-15.859
105.117	-15.834
105.133	-15.578
105.150	-14.812
105.167	-13.791
105.183	-12.795
105.200	-11.748
105.217	-10.981
105.233	-9.960
105.250	-7.151
105.267	-4.367
105.283	-1.532
105.300	12.003
105.317	11.211
105.333	14.301
105.350	8.428
105.367	9.194
105.383	10.190
105.400	13.280
105.417	14.301
105.433	23.980
105.450	17.366
105.467	16.855
105.483	15.578
105.500	14.531
105.517	6.895
105.533	15.068
105.550	14.020
105.567	13.024
105.583	11.237
105.600	9.960
105.617	7.636
105.633	5.618
105.650	3.320
105.667	1.532
105.683	-1.047
105.700	-3.320
105.717	-5.618
105.733	-7.406
105.750	-9.475
105.767	-10.981
105.783	-13.024
105.800	-13.535
105.817	-15.068
105.833	-15.093
105.850	-9.705
105.867	-13.791
105.883	-15.578
105.900	-15.604
105.917	-17.621
105.933	-21.197
105.950	-13.280
105.967	-11.237
105.983	-9.475
106.000	-6.895
106.017	-6.129
106.033	-8.428
106.050	-13.791
106.067	-10.241
106.083	3.320
106.100	6.385
106.117	8.938
106.133	11.722
106.150	12.003
106.167	12.769
106.183	14.020
106.200	14.301
106.217	15.323
106.233	15.578
106.250	15.808
106.267	15.578
106.283	15.323
106.300	14.531
106.317	13.535
106.333	12.258
106.350	10.981
106.367	8.913
106.383	7.406
106.400	5.108
106.417	3.039
106.433	1.277
106.450	-1.277
106.467	-3.065
106.483	-5.133
106.500	-7.151
106.517	-8.938
106.533	-10.981
106.550	-12.769
106.567	-15.093
106.583	-16.089
106.600	-17.877
106.617	-17.111
106.633	-5.618
106.650	-4.367
106.667	-7.661
106.683	-14.557
106.700	-13.791
106.717	-0.281
106.733	-3.575
106.750	-6.385
106.767	-5.618
106.783	-4.341
106.800	-2.324
106.817	-0.511
106.833	1.788
106.850	3.831
106.867	6.359
106.883	7.406
106.900	9.194
106.917	10.700
106.933	12.003
106.950	13.024
106.967	14.046
106.983	12.999
107.000	12.258
107.017	12.258
107.033	5.848
107.050	14.812
107.067	14.301
107.083	13.280
107.100	12.488
107.117	10.471
107.133	8.683
107.150	6.614
107.167	4.341
107.183	1.532
107.200	-3.320
107.217	-15.068
107.233	-4.112
107.250	-16.089
107.267	-8.428
107.283	-9.449
107.300	-10.752
107.317	-12.003
107.333	-13.280
107.350	-13.280
107.367	-14.812
107.383	-14.838
107.400	-15.834
107.417	-15.578
107.433	-14.812
107.450	-14.301
107.467	-13.305
107.483	-12.003
107.500	-10.471
107.517	-8.683
107.533	-6.921
107.550	-4.597
107.567	-2.809
107.583	-0.255
107.600	1.788
107.617	3.805
107.633	5.874
107.650	7.661
107.667	9.934
107.683	11.237
107.700	12.514
107.717	14.301
107.733	14.531
107.750	15.578
107.767	15.323
107.783	15.553
107.800	15.323
107.817	14.557
107.833	13.024
107.850	11.722
107.867	10.981
107.883	9.705
107.900	8.147
107.917	17.111
107.933	5.108
107.950	14.812
107.967	4.316
107.983	0.000
108.000	-3.575